0 
0 
0 
0 
0 
0 
0 
0 
0 
0 
0 
0 
0 
0 
0 
0 
0 
0 
0 
0 
0 
0 
0 
0 
0 
0 
0 
0 
0 
0 
0 
0 
0 
0 
0 
0 
0 
0 
0 
0 
0 
0 
0 
0 
0 
0 
0 
0 
0 
0 
0 
0 
0 
0 
0 
0 
0 
0 
0 
0 
0 
0 
0 
0 
0 
0 
0 
0 
0 
0 
0 
0 
0 
0 
0 
0 
0 
0 
0 
0 
0 
0 
0 
0 
0 
0 
0 
0 
0 
0 
0 
0 
0 
0 
0 
0 
0 
0 
0 
0 
0 
0 
0 
0 
0 
0 
0 
0 
0 
0 
0 
0 
0 
0 
0 
0 
0 
0 
0 
0 
0 
0 
0 
0 
0 
0 
0 
0 
0 
0 
0 
0 
0 
0 
0 
0 
0 
0 
0 
0 
0 
0 
0 
0 
0 
0 
0 
0 
0 
0 
0 
0 
0 
0 
0 
0 
0 
0 
0 
0 
0 
0 
0 
0 
0 
0 
0 
0 
0 
0 
0 
0 
0 
0 
0 
0 
0 
0 
0 
0 
0 
0 
0 
0 
0 
0 
0 
0 
0 
0 
0 
0 
0 
0 
0 
0 
0 
0 
0 
0 
0 
0 
0 
0 
0 
0 
0 
0 
0 
0 
0 
0 
0 
0 
0 
0 
0 
0 
0 
0 
0 
0 
0 
0 
0 
0 
0 
0 
0 
0 
0 
0 
0 
0 
0 
0 
0 
0 
0 
0 
0 
0 
0 
60 
60 
60 
60 
39 
39 
39 
39 
39 
50 
50 
50 
50 
50 
43 
43 
43 
43 
43 
43 
43 
43 
43 
43 
43 
43 
43 
43 
43 
43 
43 
43 
43 
43 
43 
43 
43 
43 
43 
43 
43 
43 
43 
43 
43 
43 
43 
43 
43 
43 
43 
43 
43 
43 
43 
43 
43 
43 
43 
43 
43 
43 
43 
43 
43 
43 
43 
43 
43 
43 
43 
43 
43 
43 
43 
43 
43 
43 
43 
43 
-62 
-62 
-62 
-62 
-62 
-62 
-62 
-61 
-61 
-61 
-60 
-60 
-60 
-60 
-57 
-57 
-57 
-53 
-53 
-53 
-53 
-52 
-52 
-52 
-48 
-48 
-48 
-50 
-50 
-50 
-47 
-47 
-47 
-45 
-45 
-45 
-45 
-44 
-44 
-44 
-42 
-42 
-42 
-44 
-44 
-44 
-44 
-39 
-39 
-39 
-39 
-39 
-39 
-39 
-39 
-39 
-39 
-37 
-37 
-37 
-38 
-38 
-38 
-38 
-38 
-38 
-37 
-37 
-37 
-37 
-37 
-37 
-37 
-36 
-36 
-36 
-35 
-35 
-35 
-34 
-34 
-34 
-34 
-33 
-33 
-33 
-33 
-33 
-33 
-33 
-33 
-33 
-33 
-31 
-31 
-31 
-30 
-30 
-30 
-30 
-30 
-30 
-30 
-29 
-29 
-29 
-28 
-28 
-28 
-26 
-26 
-26 
-26 
-26 
-26 
-26 
-25 
-25 
-25 
-24 
-24 
-24 
-24 
-24 
-24 
-24 
-22 
-22 
-22 
-22 
-22 
-22 
-21 
-21 
-21 
-20 
-20 
-20 
-20 
-19 
-19 
-19 
-19 
-19 
-19 
-19 
-19 
-19 
-19 
-18 
-18 
-18 
-18 
-18 
-18 
-18 
-18 
-18 
-18 
-16 
-16 
-16 
-16 
-16 
-16 
-16 
-16 
-16 
-16 
-15 
-15 
-15 
-14 
-14 
-14 
-14 
-14 
-14 
-14 
-13 
-13 
-13 
-12 
-12 
-12 
-11 
-11 
-11 
-11 
-11 
-11 
-11 
-11 
-11 
-11 
-10 
-10 
-10 
-10 
-10 
-10 
-10 
-9 
-9 
-9 
-9 
-9 
-9 
-9 
-8 
-8 
-8 
-8 
-8 
-8 
-8 
-8 
-8 
-8 
-7 
-7 
-7 
-7 
-7 
-7 
-7 
-7 
-7 
-6 
-6 
-6 
-6 
-6 
-6 
-6 
-5 
-5 
-5 
-5 
-4 
-4 
-4 
-4 
-4 
-4 
-4 
-4 
-4 
-4 
-3 
-3 
-3 
-3 
-3 
-3 
-3 
-1 
-1 
-1 
-1 
-1 
-1 
0 
0 
0 
0 
0 
0 
0 
0 
0 
1 
1 
1 
1 
1 
1 
1 
2 
2 
2 
2 
2 
2 
2 
3 
3 
3 
4 
4 
4 
4 
4 
4 
4 
5 
5 
5 
6 
6 
6 
7 
7 
7 
7 
8 
8 
8 
8 
8 
8 
9 
9 
9 
9 
10 
10 
10 
10 
10 
10 
11 
11 
11 
11 
11 
11 
11 
12 
12 
12 
12 
12 
12 
12 
12 
12 
12 
12 
12 
12 
12 
12 
12 
12 
12 
12 
12 
13 
13 
13 
13 
13 
13 
13 
13 
13 
13 
14 
14 
14 
14 
14 
14 
15 
15 
15 
15 
15 
15 
15 
15 
15 
15 
15 
16 
16 
16 
16 
16 
16 
17 
17 
17 
17 
17 
17 
17 
18 
18 
18 
18 
18 
18 
19 
19 
19 
19 
19 
19 
19 
20 
20 
20 
20 
20 
20 
20 
21 
21 
21 
21 
21 
21 
22 
22 
22 
22 
22 
22 
22 
23 
23 
23 
23 
23 
23 
24 
24 
24 
24 
24 
24 
24 
24 
24 
24 
24 
24 
24 
24 
25 
25 
25 
25 
25 
25 
25 
25 
25 
25 
25 
25 
25 
25 
25 
25 
25 
25 
25 
25 
25 
25 
25 
25 
25 
25 
25 
25 
25 
25 
25 
25 
25 
25 
25 
25 
25 
26 
26 
26 
26 
26 
26 
26 
26 
26 
26 
27 
27 
27 
27 
27 
27 
27 
27 
27 
28 
28 
28 
28 
28 
28 
28 
28 
28 
28 
28 
28 
28 
28 
29 
29 
29 
29 
29 
29 
30 
30 
30 
30 
30 
30 
30 
30 
30 
30 
30 
30 
30 
31 
31 
31 
31 
31 
31 
31 
31 
31 
31 
31 
31 
31 
31 
31 
31 
31 
31 
31 
31 
31 
32 
32 
32 
32 
32 
32 
32 
32 
32 
33 
33 
33 
33 
33 
33 
33 
33 
33 
33 
33 
33 
33 
33 
33 
33 
33 
33 
33 
33 
33 
33 
33 
33 
33 
33 
33 
33 
33 
33 
33 
33 
33 
33 
33 
33 
33 
34 
34 
34 
34 
34 
34 
34 
34 
34 
34 
34 
34 
34 
35 
35 
35 
35 
35 
35 
35 
36 
36 
36 
36 
36 
36 
37 
37 
37 
37 
37 
37 
37 
38 
38 
38 
38 
38 
38 
38 
39 
39 
39 
39 
39 
39 
39 
39 
39 
39 
39 
39 
39 
40 
40 
40 
40 
40 
40 
39 
39 
39 
40 
40 
40 
40 
40 
40 
40 
40 
40 
40 
39 
39 
39 
39 
39 
39 
39 
39 
39 
39 
39 
39 
39 
39 
38 
38 
38 
38 
38 
38 
38 
38 
38 
38 
38 
38 
38 
38 
38 
38 
38 
38 
38 
38 
38 
38 
38 
39 
39 
39 
39 
39 
39 
38 
38 
38 
38 
39 
39 
39 
39 
38 
38 
38 
39 
39 
39 
40 
40 
40 
40 
40 
40 
40 
40 
40 
40 
40 
40 
40 
40 
40 
40 
39 
39 
39 
39 
38 
38 
38 
37 
37 
37 
37 
37 
37 
37 
36 
36 
36 
36 
36 
36 
36 
36 
36 
36 
35 
35 
35 
36 
36 
36 
36 
36 
36 
36 
36 
36 
36 
36 
36 
36 
37 
37 
37 
37 
37 
37 
37 
38 
38 
38 
39 
39 
39 
39 
41 
41 
41 
44 
44 
44 
46 
46 
46 
46 
49 
49 
49 
-69 
-69 
-69 
56 
56 
56 
-62 
-62 
-62 
-62 
-57 
-57 
-57 
-54 
-54 
-54 
-52 
-52 
-52 
-52 
72 
72 
72 
-48 
-48 
-48 
-48 
-48 
-48 
-48 
-44 
-44 
-44 
-44 
-44 
-44 
-44 
-44 
-44 
-44 
-41 
-41 
-41 
-41 
-41 
-41 
-42 
-42 
-42 
74 
74 
74 
74 
-56 
-56 
-56 
49 
49 
49 
34 
34 
34 
34 
22 
22 
22 
13 
13 
13 
7 
7 
7 
7 
1 
1 
1 
-3 
-3 
-3 
-3 
-8 
-8 
-8 
-12 
-12 
-12 
-15 
-15 
-15 
-19 
-19 
-19 
-23 
-23 
-23 
-23 
-27 
-27 
-27 
-29 
-29 
-29 
-29 
-29 
-29 
-29 
-27 
-27 
-27 
-24 
-24 
-24 
-24 
-22 
-22 
-22 
-22 
-22 
-22 
-22 
-22 
-22 
-22 
-23 
-23 
-23 
-23 
-23 
-23 
-24 
-24 
-24 
-26 
-26 
-26 
-26 
-28 
-28 
-28 
-29 
-29 
-29 
-31 
-31 
-31 
-32 
-32 
-32 
-32 
-34 
-34 
-34 
-36 
-36 
-36 
-36 
-38 
-38 
-38 
-39 
-39 
-39 
-41 
-41 
-41 
-41 
-44 
-44 
-44 
-46 
-46 
-46 
-48 
-48 
-48 
-51 
-51 
-51 
-51 
-53 
-53 
-53 
74 
74 
74 
72 
72 
72 
72 
69 
69 
69 
-62 
-62 
-62 
64 
64 
64 
64 
-67 
-67 
-67 
-69 
-69 
-69 
-69 
56 
56 
56 
54 
54 
54 
52 
52 
52 
52 
50 
50 
50 
48 
48 
48 
46 
46 
46 
46 
46 
46 
43 
43 
43 
43 
41 
41 
41 
40 
40 
40 
40 
38 
38 
38 
37 
37 
37 
35 
35 
35 
35 
34 
34 
34 
34 
34 
34 
31 
31 
31 
30 
30 
30 
28 
28 
28 
28 
27 
27 
27 
25 
25 
25 
24 
24 
24 
24 
23 
23 
23 
21 
21 
21 
21 
20 
20 
20 
19 
19 
19 
19 
19 
19 
19 
19 
19 
19 
17 
17 
17 
16 
16 
16 
15 
15 
15 
15 
15 
15 
15 
14 
14 
14 
14 
14 
14 
14 
13 
13 
13 
13 
13 
13 
13 
12 
12 
12 
12 
12 
12 
11 
11 
11 
11 
11 
11 
11 
8 
8 
8 
4 
4 
4 
4 
-2 
-2 
-2 
-11 
-11 
-11 
-17 
-17 
-17 
-17 
-21 
-21 
-21 
-21 
-21 
-21 
-19 
-19 
-19 
-18 
-18 
-18 
-16 
-16 
-16 
-16 
-10 
-10 
-10 
-4 
-4 
-4 
3 
3 
3 
3 
14 
14 
14 
27 
27 
27 
37 
37 
37 
46 
46 
46 
46 
53 
53 
53 
59 
59 
59 
63 
63 
63 
63 
63 
63 
63 
63 
63 
63 
63 
63 
63 
63 
63 
63 
63 
63 
63 
63 
63 
63 
63 
63 
63 
63 
63 
63 
63 
63 
63 
63 
63 
63 
63 
63 
63 
63 
63 
63 
63 
63 
63 
63 
63 
63 
63 
63 
63 
63 
63 
63 
63 
63 
63 
63 
63 
63 
63 
63 
63 
63 
63 
63 
63 
63 
63 
63 
63 
63 
63 
63 
63 
63 
63 
63 
63 
63 
63 
63 
63 
63 
63 
63 
63 
63 
63 
-65 
-65 
-65 
-65 
-61 
-61 
-61 
-56 
-56 
-56 
-54 
-54 
-54 
-49 
-49 
-49 
-49 
-45 
-45 
-45 
-40 
-40 
-40 
-34 
-34 
-34 
-24 
-24 
-24 
-17 
-17 
-17 
-17 
-9 
-9 
-9 
-9 
-1 
-1 
-1 
0 
0 
0 
3 
3 
3 
3 
5 
5 
5 
7 
7 
7 
7 
7 
7 
4 
4 
4 
4 
-3 
-3 
-3 
-12 
-12 
-12 
-19 
-19 
-19 
-24 
-24 
-24 
-24 
-27 
-27 
-27 
-27 
-27 
-27 
-31 
-31 
-31 
-31 
-31 
-31 
-31 
-33 
-33 
-33 
-33 
-33 
-33 
-33 
-32 
-32 
-32 
-31 
-31 
-31 
-30 
-30 
-30 
-30 
-27 
-27 
-27 
-27 
-24 
-24 
-24 
-22 
-22 
-22 
-21 
-21 
-21 
-19 
-19 
-19 
-19 
-19 
-19 
-19 
-19 
-19 
-19 
-18 
-18 
-18 
-19 
-19 
-19 
-19 
-19 
-19 
-19 
-19 
-19 
-19 
-20 
-20 
-20 
-21 
-21 
-21 
-21 
-21 
-21 
-21 
-22 
-22 
-22 
-23 
-23 
-23 
-25 
-25 
-25 
-24 
-24 
-24 
-24 
-25 
-25 
-25 
-26 
-26 
-26 
-26 
-26 
-26 
-26 
-29 
-29 
-29 
-27 
-27 
-27 
-27 
-30 
-30 
-30 
-29 
-29 
-29 
-29 
-31 
-31 
-31 
-31 
-31 
-31 
-31 
-31 
-31 
-31 
-31 
-31 
-31 
-31 
-31 
-31 
-31 
-29 
-29 
-29 
-26 
-26 
-26 
-24 
-24 
-24 
-22 
-22 
-22 
-22 
-22 
-22 
-22 
-20 
-20 
-20 
-21 
-21 
-21 
-21 
-25 
-25 
-25 
-30 
-30 
-30 
-36 
-36 
-36 
-44 
-44 
-44 
-48 
-48 
-48 
-51 
-51 
-51 
-51 
-59 
-59 
-59 
-61 
-61 
-61 
-63 
-63 
-63 
-63 
-63 
-63 
-63 
-63 
-63 
-63 
-63 
-63 
-63 
-63 
-63 
-63 
-63 
-63 
-63 
-63 
-63 
-63 
-63 
-63 
-63 
-63 
-63 
-63 
-63 
-63 
-63 
-63 
-63 
-63 
-63 
-63 
-63 
-63 
-63 
-63 
-63 
-63 
-63 
-63 
-63 
-63 
-63 
-63 
-63 
-63 
-63 
-63 
-63 
-63 
-63 
-63 
-63 
-63 
-63 
-63 
-63 
-63 
-63 
-63 
-63 
-63 
-63 
-63 
-63 
-63 
-63 
-63 
-63 
-63 
-63 
-63 
-63 
-63 
-63 
-63 
-63 
-63 
-63 
-63 
-63 
-63 
-63 
-63 
-63 
-63 
-63 
-63 
-63 
-63 
-63 
-63 
-63 
-63 
-63 
-63 
-63 
-63 
-63 
-63 
-63 
-63 
-63 
-63 
-63 
-63 
-63 
-63 
-63 
-63 
-63 
-63 
-63 
-63 
-63 
-63 
-63 
-63 
-63 
-63 
-63 
-63 
-63 
-63 
-63 
-63 
-63 
-63 
-63 
-63 
-63 
-63 
-63 
-63 
-63 
-63 
-63 
-63 
-63 
-63 
-63 
-63 
-63 
-63 
-63 
-63 
-63 
-63 
-63 
-63 
-63 
-63 
-63 
-63 
-63 
-63 
-63 
-63 
-63 
-63 
-63 
-63 
-63 
-63 
-63 
-63 
-63 
-63 
-63 
-63 
-63 
-63 
-63 
-63 
-63 
-63 
-63 
-63 
-63 
-63 
-63 
-63 
-63 
-63 
-63 
-63 
-63 
-63 
-63 
-63 
-63 
-63 
-63 
-63 
-63 
-63 
-63 
-63 
-63 
-63 
-63 
-63 
-63 
-63 
-63 
-63 
-63 
-63 
-63 
-63 
-63 
-63 
-63 
-63 
-63 
-63 
-63 
-63 
-63 
-63 
-63 
-63 
-63 
-63 
-63 
-63 
-63 
-63 
-63 
-63 
-63 
-63 
-63 
-63 
-63 
-63 
-63 
-63 
-63 
-63 
-63 
-63 
-63 
-63 
-63 
-63 
-63 
-63 
-63 
-63 
-63 
-63 
-63 
-63 
-63 
-63 
-63 
-63 
-63 
-63 
-63 
-63 
-63 
-63 
-63 
-63 
-63 
-63 
-63 
-63 
-63 
-63 
-63 
-63 
-63 
-63 
-63 
-63 
-63 
-63 
-63 
-63 
-63 
-63 
-63 
-63 
-63 
-63 
-63 
-63 
-63 
-63 
-63 
-63 
-63 
-63 
-63 
-63 
-63 
-63 
-63 
-63 
-63 
-63 
-63 
-63 
-63 
-63 
-63 
-63 
-63 
-63 
-63 
-63 
-63 
-63 
-63 
-63 
-63 
-63 
-63 
-63 
-63 
-63 
-63 
-63 
-63 
-63 
-63 
-63 
-63 
-63 
-63 
-63 
-63 
-63 
-63 
-63 
-63 
-63 
-63 
-63 
-63 
-63 
-63 
-63 
-63 
-63 
-63 
-63 
-63 
-63 
-63 
-63 
-63 
-63 
-63 
-63 
-63 
-63 
-63 
-63 
-63 
-63 
-63 
-63 
-63 
-63 
-63 
-63 
-63 
-63 
-63 
-63 
-63 
-63 
-63 
-63 
-63 
-63 
-63 
-63 
-63 
-63 
-63 
-63 
-63 
-63 
-63 
-63 
-63 
-63 
-63 
-63 
-63 
-63 
-63 
-63 
-63 
-63 
-63 
-63 
-63 
-63 
-63 
-63 
-63 
-63 
-63 
-63 
-63 
-63 
-63 
-63 
-63 
-63 
-63 
-63 
-63 
-63 
-63 
-63 
-63 
-63 
-63 
-63 
-63 
-63 
-63 
-63 
-63 
-63 
-63 
-63 
-63 
-63 
-63 
-63 
-63 
-63 
-63 
-63 
-63 
-63 
-63 
-63 
-63 
-63 
-63 
-63 
-63 
-63 
-63 
-63 
-63 
-63 
-63 
-63 
-63 
-63 
-63 
-63 
-63 
-63 
-63 
-63 
-63 
-63 
-63 
-63 
-63 
-63 
-63 
-63 
-63 
-63 
-63 
-63 
-63 
-63 
-63 
-63 
-63 
-63 
-63 
-63 
-63 
-63 
-63 
-63 
-63 
-63 
-63 
-63 
-63 
-63 
-63 
-63 
-63 
-63 
-63 
-63 
-63 
-63 
-63 
-63 
-63 
-63 
-63 
-63 
-63 
-63 
-63 
-63 
-63 
-63 
-63 
-63 
-63 
-63 
-63 
-63 
-63 
-63 
-63 
-63 
-63 
-63 
-63 
-63 
-63 
-63 
-63 
-63 
-63 
-63 
-63 
-63 
-63 
-63 
-63 
-63 
-63 
-63 
-63 
-63 
-63 
-63 
-63 
-63 
-63 
-63 
-63 
-63 
-63 
-63 
-63 
-63 
-63 
-63 
-63 
-63 
-63 
-63 
-63 
-63 
-63 
-63 
-63 
-63 
-63 
-63 
-63 
-63 
-63 
-63 
-63 
-63 
-63 
-63 
-63 
-63 
-63 
-63 
-63 
-63 
-63 
-63 
-63 
-63 
-63 
-63 
-63 
-63 
-63 
-63 
-63 
-63 
-63 
-63 
-63 
-63 
-63 
-63 
-63 
-63 
-63 
-63 
-63 
-63 
-63 
-63 
-63 
-63 
-63 
-63 
-63 
-63 
-63 
-63 
-63 
-63 
-63 
-63 
-63 
-63 
-63 
-63 
-63 
-63 
-63 
-63 
-63 
-63 
-63 
-63 
-63 
-63 
-63 
-63 
-63 
-63 
-63 
-63 
-63 
-63 
-63 
-63 
-63 
-63 
-63 
-63 
-63 
-63 
-63 
-63 
-63 
-63 
-63 
-63 
-63 
-63 
-63 
-63 
-63 
-63 
-63 
-63 
-63 
-63 
-63 
-63 
-63 
-63 
-63 
-63 
-63 
-63 
-63 
-63 
-63 
-63 
-63 
-63 
-63 
-63 
-63 
-63 
-63 
-63 
-63 
-63 
-63 
-63 
-63 
-63 
-63 
-63 
-63 
-63 
-63 
-63 
-63 
-63 
-63 
-63 
-63 
-63 
-63 
-63 
-63 
-63 
-63 
-63 
-63 
-63 
-63 
-63 
-63 
-63 
-63 
-63 
-63 
-63 
-63 
-63 
-63 
-63 
-63 
-63 
-63 
-63 
-63 
-63 
-63 
-63 
-63 
-63 
-63 
-63 
-63 
-63 
-63 
-63 
-63 
-63 
-63 
-63 
-63 
-63 
-63 
-63 
-63 
-63 
-63 
-63 
-63 
-63 
-63 
-63 
-63 
-63 
-63 
-63 
-63 
-63 
-63 
-63 
-63 
-63 
-63 
-63 
-63 
-63 
-63 
-63 
-63 
-63 
-63 
-63 
-63 
-63 
-63 
-63 
-63 
-63 
-63 
-63 
-63 
-63 
-63 
-63 
-63 
-63 
-63 
-63 
-63 
-63 
-63 
-63 
-63 
-63 
-63 
-63 
-63 
-63 
-63 
-63 
-63 
-63 
-63 
-63 
-63 
-63 
-63 
-63 
-63 
-63 
-26 
-26 
-26 
-26 
-26 
-26 
-26 
-26 
-26 
27 
27 
27 
27 
27 
27 
-22 
-22 
-22 
-22 
-22 
-46 
-46 
-46 
-46 
-60 
-60 
-60 
-60 
-60 
-60 
-60 
-60 
-77 
-77 
-77 
-77 
-33 
-33 
-33 
-16 
-16 
-16 
-16 
-77 
-77 
-77 
-19 
-19 
-19 
-19 
-19 
-19 
-19 
-19 
-19 
-19 
-19 
-19 
-19 
-19 
-19 
-19 
-19 
-19 
-19 
-19 
-19 
-19 
-19 
-19 
-19 
-19 
-19 
-19 
-19 
-19 
-19 
-19 
-19 
-19 
-77 
-77 
-77 
-77 
-19 
-19 
-19 
-33 
-33 
-33 
-33 
-19 
-19 
-19 
-36 
-36 
-36 
-36 
-36 
-36 
-36 
-33 
-33 
-33 
-77 
-77 
-77 
-77 
-33 
-33 
-33 
-30 
-30 
-30 
-30 
-23 
-23 
-23 
-33 
-33 
-33 
-33 
-23 
-23 
-23 
-33 
-33 
-33 
-23 
-23 
-23 
-23 
-23 
-23 
-23 
-33 
-33 
-33 
-33 
-33 
-33 
-33 
-33 
-33 
-33 
-33 
-33 
-33 
-33 
-30 
-30 
