-30 
-33 
-33 
-33 
-23 
-23 
-23 
-33 
-33 
-33 
-33 
-33 
-33 
-33 
-30 
-30 
-30 
-30 
-33 
-33 
-33 
-33 
-33 
-33 
-30 
-30 
-30 
-30 
-33 
-33 
-33 
-23 
-23 
-23 
-23 
-23 
-23 
-23 
-23 
-23 
-23 
-33 
-33 
-33 
-33 
-23 
-23 
-23 
-33 
-33 
-33 
-23 
-23 
-23 
-23 
-33 
-33 
-33 
-33 
-33 
-33 
-33 
-33 
-33 
-33 
-30 
-30 
-30 
-23 
-23 
-23 
-23 
-23 
-23 
-23 
-30 
-30 
-30 
-23 
-23 
-23 
-23 
-33 
-33 
-33 
-30 
-30 
-30 
-33 
-33 
-33 
-33 
-33 
-33 
-33 
-30 
-30 
-30 
-30 
-23 
-23 
-23 
-23 
-23 
-23 
-23 
-23 
-23 
-23 
-33 
-33 
-33 
-33 
-33 
-33 
-33 
-33 
-33 
-33 
-33 
-33 
-33 
-33 
-33 
-33 
-33 
-30 
-30 
-30 
-23 
-23 
-23 
-33 
-33 
-33 
-33 
-33 
-33 
-33 
-33 
-33 
-33 
-30 
-30 
-30 
-30 
-23 
-23 
-23 
-33 
-33 
-33 
-33 
-33 
-33 
-33 
-36 
-36 
-36 
-36 
-36 
-36 
-36 
-36 
-36 
-36 
-36 
-36 
-36 
-36 
-36 
-36 
-36 
-77 
-77 
-77 
-19 
-19 
-19 
-19 
-19 
-19 
-19 
-19 
-19 
-19 
-19 
-18 
-18 
-18 
-18 
-18 
-18 
-18 
-18 
-18 
-18 
-76 
-76 
-76 
-15 
-15 
-15 
-15 
-12 
-12 
-12 
-12 
-12 
-12 
-12 
-8 
-8 
-8 
-27 
-27 
-27 
-27 
-43 
-43 
-43 
-43 
-12 
-12 
-12 
-12 
-12 
-24 
-24 
-24 
-24 
-25 
-25 
-25 
-25 
-25 
-39 
-39 
-39 
-39 
-39 
-44 
-44 
-44 
-44 
-44 
-25 
-25 
-25 
-25 
-25 
-58 
-58 
-58 
-58 
-60 
-60 
-60 
-60 
-60 
-10 
-10 
-10 
-10 
-10 
-10 
-10 
-10 
-10 
-10 
-10 
-10 
-10 
-10 
-10 
-10 
-10 
-10 
-10 
-10 
-10 
-10 
-10 
-10 
-10 
-10 
-10 
-10 
-10 
-10 
-10 
-10 
-10 
-10 
-10 
-10 
-10 
-10 
-10 
-10 
-10 
-10 
-10 
-10 
-10 
-10 
-10 
-10 
-10 
-10 
-10 
-10 
-10 
-10 
-10 
-10 
-10 
-10 
-10 
-10 
-10 
-10 
-10 
-10 
-10 
-10 
-10 
-10 
-10 
-10 
-10 
-10 
-10 
-10 
-10 
-10 
-10 
-10 
-10 
-10 
-10 
-10 
-10 
-10 
-10 
-10 
-10 
-10 
-10 
-10 
-10 
-10 
-10 
-10 
-10 
-10 
-10 
-10 
-10 
-10 
-10 
-10 
-10 
-10 
-10 
-10 
-10 
-10 
-10 
-10 
-10 
-10 
-10 
-10 
-10 
-33 
-33 
-33 
-33 
-31 
-31 
-31 
-31 
-31 
-31 
-31 
-31 
-31 
-31 
-33 
-33 
-33 
-35 
-35 
-35 
-38 
-38 
-38 
-37 
-37 
-37 
-37 
-35 
-35 
-35 
-33 
-33 
-33 
-33 
-33 
-33 
-32 
-32 
-32 
-32 
-31 
-31 
-31 
-27 
-27 
-27 
-27 
-27 
-27 
-26 
-26 
-26 
-26 
-25 
-25 
-25 
-23 
-23 
-23 
-23 
-20 
-20 
-20 
-18 
-18 
-18 
-15 
-15 
-15 
-15 
-15 
-15 
-15 
-14 
-14 
-14 
-12 
-12 
-12 
-12 
-12 
-12 
-12 
-10 
-10 
-10 
-10 
-10 
-10 
-9 
-9 
-9 
-8 
-8 
-8 
-8 
-7 
-7 
-7 
-7 
-7 
-7 
-7 
-6 
-6 
-6 
-7 
-7 
-7 
-6 
-6 
-6 
-6 
-5 
-5 
-5 
-6 
-6 
-6 
-5 
-5 
-5 
-4 
-4 
-4 
-4 
-4 
-4 
-4 
-3 
-3 
-3 
-2 
-2 
-2 
-2 
0 
0 
0 
0 
0 
0 
0 
0 
0 
1 
1 
1 
1 
2 
2 
2 
4 
4 
4 
5 
5 
5 
5 
6 
6 
6 
7 
7 
7 
7 
8 
8 
8 
9 
9 
9 
10 
10 
10 
10 
11 
11 
11 
12 
12 
12 
12 
12 
12 
13 
13 
13 
13 
13 
13 
13 
13 
13 
13 
14 
14 
14 
14 
14 
14 
15 
15 
15 
15 
15 
15 
15 
16 
16 
16 
16 
16 
16 
16 
16 
16 
16 
17 
17 
17 
17 
17 
17 
17 
17 
17 
17 
17 
17 
17 
17 
17 
17 
17 
17 
17 
17 
17 
17 
17 
17 
17 
17 
17 
17 
17 
17 
17 
17 
17 
17 
17 
17 
17 
18 
18 
18 
18 
18 
18 
18 
18 
18 
19 
19 
19 
19 
19 
19 
19 
19 
19 
19 
20 
20 
20 
21 
21 
21 
21 
21 
21 
21 
21 
21 
21 
21 
22 
22 
22 
22 
22 
22 
22 
22 
22 
22 
23 
23 
23 
23 
23 
23 
23 
24 
24 
24 
24 
24 
24 
24 
24 
24 
25 
25 
25 
25 
25 
25 
25 
25 
25 
25 
25 
25 
25 
25 
25 
25 
25 
26 
26 
26 
26 
26 
26 
26 
26 
26 
26 
26 
26 
26 
26 
26 
26 
25 
25 
25 
25 
25 
25 
25 
25 
25 
25 
25 
25 
25 
25 
25 
25 
25 
24 
24 
24 
24 
24 
24 
24 
24 
24 
24 
24 
24 
24 
23 
23 
23 
23 
23 
23 
23 
23 
23 
23 
23 
23 
23 
23 
23 
23 
23 
23 
23 
23 
23 
23 
23 
23 
23 
23 
22 
22 
22 
23 
23 
23 
23 
23 
23 
23 
23 
23 
23 
22 
22 
22 
22 
22 
22 
22 
22 
22 
22 
22 
22 
22 
22 
22 
22 
22 
22 
22 
22 
22 
22 
22 
22 
22 
22 
22 
22 
22 
22 
22 
22 
22 
22 
22 
22 
22 
22 
22 
22 
22 
22 
22 
21 
21 
21 
21 
21 
21 
21 
21 
21 
21 
20 
20 
20 
20 
20 
20 
20 
20 
20 
20 
20 
20 
20 
20 
20 
20 
20 
20 
20 
20 
20 
20 
20 
20 
20 
20 
20 
20 
20 
20 
19 
19 
19 
19 
19 
19 
19 
19 
19 
19 
19 
19 
19 
19 
19 
19 
18 
18 
18 
18 
18 
18 
18 
18 
18 
18 
17 
17 
17 
17 
17 
17 
17 
16 
16 
16 
15 
15 
15 
15 
15 
15 
14 
14 
14 
14 
14 
14 
14 
14 
14 
14 
13 
13 
13 
13 
14 
14 
14 
13 
13 
13 
13 
13 
13 
13 
13 
13 
13 
13 
13 
13 
13 
13 
13 
13 
13 
13 
13 
13 
13 
13 
13 
13 
13 
13 
13 
13 
12 
12 
12 
12 
12 
12 
12 
11 
11 
11 
11 
11 
11 
11 
10 
10 
10 
9 
9 
9 
9 
9 
9 
9 
8 
8 
8 
8 
8 
8 
7 
7 
7 
7 
7 
7 
7 
6 
6 
6 
5 
5 
5 
5 
5 
5 
5 
5 
5 
5 
4 
4 
4 
4 
4 
4 
4 
4 
4 
4 
3 
3 
3 
3 
3 
3 
3 
3 
3 
3 
3 
3 
3 
3 
3 
3 
3 
3 
3 
3 
3 
3 
3 
4 
4 
4 
4 
4 
4 
3 
3 
3 
3 
4 
4 
4 
4 
4 
4 
4 
3 
3 
3 
3 
3 
3 
4 
4 
4 
4 
4 
4 
4 
4 
4 
4 
3 
3 
3 
3 
3 
3 
3 
3 
3 
3 
2 
2 
2 
2 
2 
2 
2 
2 
2 
2 
1 
1 
1 
0 
0 
0 
1 
1 
1 
1 
0 
0 
0 
0 
0 
0 
0 
0 
0 
0 
0 
0 
0 
0 
0 
0 
0 
0 
0 
0 
0 
0 
0 
0 
0 
0 
0 
0 
0 
0 
0 
0 
0 
0 
0 
0 
0 
0 
0 
0 
0 
0 
0 
1 
1 
1 
0 
0 
0 
0 
0 
0 
0 
0 
0 
0 
0 
0 
0 
0 
0 
0 
0 
0 
0 
0 
0 
0 
0 
0 
0 
0 
0 
0 
0 
0 
0 
0 
0 
-1 
-1 
-1 
-1 
-1 
-1 
-1 
-1 
-1 
-1 
-1 
-1 
-1 
-1 
-1 
-1 
-1 
-1 
-1 
-1 
-1 
-1 
-1 
-1 
-1 
-1 
-1 
-1 
-1 
-1 
-1 
-1 
-1 
0 
0 
0 
0 
0 
0 
0 
0 
0 
0 
0 
0 
0 
0 
0 
0 
0 
0 
0 
0 
0 
0 
0 
0 
0 
0 
0 
0 
0 
0 
0 
0 
0 
0 
0 
0 
1 
1 
1 
1 
1 
1 
1 
1 
1 
1 
1 
1 
1 
2 
2 
2 
2 
2 
2 
2 
2 
2 
2 
2 
2 
2 
2 
2 
2 
2 
2 
2 
2 
2 
2 
2 
2 
2 
2 
2 
1 
1 
1 
1 
1 
1 
1 
1 
1 
1 
1 
1 
1 
0 
0 
0 
0 
0 
0 
0 
0 
0 
0 
0 
0 
0 
0 
0 
0 
0 
0 
0 
0 
0 
0 
0 
0 
0 
0 
0 
0 
0 
0 
0 
0 
0 
1 
1 
1 
1 
1 
1 
1 
1 
1 
1 
2 
2 
2 
2 
2 
2 
2 
3 
3 
3 
3 
3 
3 
3 
3 
3 
3 
4 
4 
4 
3 
3 
3 
3 
4 
4 
4 
3 
3 
3 
3 
3 
3 
3 
3 
3 
2 
2 
2 
2 
2 
2 
2 
1 
1 
1 
0 
0 
0 
0 
0 
0 
0 
-1 
-1 
-1 
-2 
-2 
-2 
-3 
-3 
-3 
-3 
-3 
-3 
-3 
-3 
-3 
-3 
-4 
-4 
-4 
-4 
-4 
-4 
-4 
-4 
-4 
-4 
-5 
-5 
-5 
-5 
-5 
-5 
-5 
-5 
-5 
-5 
-4 
-4 
-4 
-4 
-4 
-4 
-4 
-4 
-4 
-4 
-3 
-3 
-3 
-2 
-2 
-2 
-2 
-2 
-2 
-2 
-1 
-1 
-1 
-1 
-1 
-1 
-1 
0 
0 
0 
0 
0 
0 
0 
0 
0 
0 
0 
0 
0 
0 
0 
0 
0 
0 
0 
0 
1 
1 
1 
1 
1 
1 
0 
0 
0 
0 
0 
0 
0 
0 
0 
0 
0 
0 
0 
0 
0 
0 
0 
0 
0 
0 
0 
0 
0 
0 
0 
0 
-1 
-1 
-1 
-1 
-1 
-1 
-1 
0 
0 
0 
0 
0 
0 
0 
0 
0 
0 
0 
0 
0 
0 
0 
0 
-1 
-1 
-1 
-1 
-1 
-1 
-1 
-1 
-1 
-1 
0 
0 
0 
0 
0 
0 
0 
0 
0 
0 
0 
0 
0 
0 
0 
0 
0 
0 
0 
0 
0 
0 
0 
0 
1 
1 
1 
1 
1 
1 
1 
1 
1 
1 
2 
2 
2 
2 
2 
2 
2 
2 
2 
2 
2 
2 
2 
2 
2 
2 
3 
3 
3 
3 
3 
3 
3 
3 
3 
3 
3 
3 
3 
3 
3 
3 
3 
3 
3 
3 
4 
4 
4 
3 
3 
3 
3 
3 
3 
3 
3 
3 
3 
3 
3 
3 
3 
3 
3 
3 
3 
3 
3 
3 
3 
3 
3 
3 
3 
3 
3 
3 
3 
3 
3 
3 
4 
4 
4 
4 
4 
4 
4 
4 
4 
4 
4 
4 
4 
4 
4 
4 
4 
4 
4 
4 
4 
4 
4 
4 
4 
4 
4 
4 
4 
4 
4 
4 
4 
4 
4 
4 
4 
4 
4 
4 
4 
4 
4 
4 
4 
4 
4 
4 
4 
3 
3 
3 
3 
3 
3 
3 
3 
3 
3 
3 
3 
3 
3 
3 
3 
3 
4 
4 
4 
3 
3 
3 
3 
3 
3 
3 
3 
3 
3 
3 
3 
3 
3 
3 
3 
3 
2 
2 
2 
2 
2 
2 
1 
1 
1 
1 
1 
1 
1 
1 
1 
1 
1 
1 
1 
1 
1 
1 
0 
0 
0 
0 
0 
0 
0 
1 
1 
1 
1 
1 
1 
1 
1 
1 
1 
0 
0 
0 
0 
0 
0 
0 
0 
0 
0 
0 
0 
0 
0 
0 
0 
0 
0 
0 
0 
0 
0 
0 
0 
0 
0 
0 
0 
0 
0 
0 
0 
0 
0 
0 
0 
0 
0 
0 
0 
0 
0 
0 
0 
0 
0 
0 
0 
0 
0 
0 
0 
0 
0 
0 
0 
0 
0 
0 
0 
0 
0 
0 
0 
0 
0 
0 
0 
0 
0 
0 
0 
0 
0 
0 
0 
0 
0 
0 
0 
0 
0 
0 
0 
0 
0 
0 
0 
0 
0 
0 
0 
0 
0 
0 
0 
-1 
-1 
-1 
-1 
-1 
-1 
-1 
-2 
-2 
-2 
-2 
-2 
-2 
-2 
-2 
-2 
-2 
-2 
-2 
-2 
-2 
-2 
-2 
-3 
-3 
-3 
-3 
-2 
-2 
-2 
-2 
-2 
-2 
-2 
-2 
-2 
-2 
-2 
-2 
-2 
-2 
-2 
-2 
-3 
-3 
-3 
-3 
-3 
-3 
-3 
-2 
-2 
-2 
-1 
-1 
-1 
-1 
-1 
-1 
-1 
-1 
-1 
-1 
-1 
-1 
-1 
-1 
-1 
-1 
-1 
-2 
-2 
-2 
-1 
-1 
-1 
-1 
-1 
-1 
-1 
-2 
-2 
-2 
-2 
-2 
-2 
-3 
-3 
-3 
-3 
-2 
-2 
-2 
-2 
-2 
-2 
-2 
-2 
-2 
-2 
-3 
-3 
-3 
-4 
-4 
-4 
-4 
-4 
-4 
-4 
-4 
-4 
-4 
-4 
-4 
-4 
-4 
-4 
-4 
-4 
-5 
-5 
-5 
-6 
-6 
-6 
-6 
-6 
-6 
-5 
-5 
-5 
-5 
-5 
-5 
-5 
-5 
-5 
-5 
-5 
-5 
-5 
-5 
-6 
-6 
-6 
-6 
-6 
-6 
-6 
-6 
-6 
-6 
-6 
-6 
-6 
-6 
-6 
-6 
-6 
-6 
-6 
-6 
-6 
-6 
-6 
-6 
-6 
-6 
-6 
-6 
-6 
-6 
-6 
-6 
-6 
-6 
-6 
-6 
-6 
-6 
-6 
-6 
-6 
-6 
-6 
-6 
-6 
-6 
-6 
-6 
-6 
-6 
-6 
-6 
-6 
-5 
-5 
-5 
-5 
-5 
-5 
-5 
-5 
-5 
-5 
-5 
-5 
-5 
-5 
-5 
-5 
-5 
-5 
-5 
-5 
-6 
-6 
-6 
-5 
-5 
-5 
-5 
-6 
-6 
-6 
-6 
-6 
-6 
-5 
-5 
-5 
-5 
-5 
-5 
-5 
-5 
-5 
-5 
-5 
-5 
-5 
-5 
-5 
-5 
-5 
-5 
-5 
-5 
-5 
-5 
-5 
-5 
-5 
-5 
-6 
-6 
-6 
-6 
-7 
-7 
-7 
-6 
-6 
-6 
-7 
-7 
-7 
-7 
-8 
-8 
-8 
-7 
-7 
-7 
-8 
-8 
-8 
-8 
-8 
-8 
-8 
-9 
-9 
-9 
-9 
-9 
-9 
-9 
-9 
-9 
-9 
-10 
-10 
-10 
-10 
-10 
-10 
-9 
-9 
-9 
-9 
-10 
-10 
-10 
-10 
-10 
-10 
-10 
-9 
-9 
-9 
-8 
-8 
-8 
-9 
-9 
-9 
-7 
-7 
-7 
-7 
-7 
-7 
-7 
-8 
-8 
-8 
-8 
-7 
-7 
-7 
-7 
-7 
-7 
-6 
-6 
-6 
-6 
-6 
-6 
-6 
-6 
-6 
-6 
-7 
-7 
-7 
-6 
-6 
-6 
-6 
-6 
-6 
-6 
-6 
-6 
-6 
-7 
-7 
-7 
-7 
-7 
-7 
-7 
-7 
-7 
-7 
-7 
-7 
-7 
-7 
-7 
-7 
-7 
-7 
-7 
-7 
-8 
-8 
-8 
-8 
-8 
-8 
-8 
-8 
-8 
-8 
-8 
-8 
-8 
-7 
-7 
-7 
-7 
-7 
-7 
-7 
-8 
-8 
-8 
-7 
-7 
-7 
-7 
-7 
-7 
-7 
-6 
-6 
-6 
-5 
-5 
-5 
-5 
-6 
-6 
-6 
-4 
-4 
-4 
-4 
-4 
-4 
-3 
-3 
-3 
-3 
-3 
-3 
-3 
-3 
-3 
-3 
-3 
-3 
-3 
-3 
-3 
-3 
-3 
-2 
-2 
-2 
-1 
-1 
-1 
-1 
-1 
-1 
-1 
-1 
-1 
-1 
-1 
-1 
-1 
-1 
-1 
-1 
-1 
-1 
-1 
-1 
-2 
-2 
-2 
-2 
-2 
-2 
-2 
-3 
-3 
-3 
-4 
-4 
-4 
-4 
-4 
-4 
-4 
-3 
-3 
-3 
-4 
-4 
-4 
-4 
-4 
-4 
-4 
-4 
-4 
-4 
-3 
-3 
-3 
-3 
-4 
-4 
-4 
-3 
-3 
-3 
-3 
-3 
-3 
-3 
-3 
-3 
-3 
-2 
-2 
-2 
-2 
-2 
-2 
-2 
-2 
-2 
-2 
-2 
-2 
-2 
-1 
-1 
-1 
-1 
-1 
-1 
-1 
-1 
-1 
-1 
-1 
-1 
-1 
-1 
-1 
-1 
-1 
-1 
-1 
-1 
-1 
-1 
-1 
-1 
-1 
-1 
-1 
-1 
-1 
-1 
-1 
-1 
-1 
-1 
-1 
-1 
-1 
-1 
-1 
-1 
-1 
-1 
-1 
-1 
-1 
-1 
-1 
-1 
-1 
-1 
-1 
-1 
-1 
-1 
-1 
-1 
-1 
-1 
-1 
-1 
-1 
-1 
-1 
-1 
-1 
-1 
-1 
-1 
-1 
-1 
-1 
-1 
-1 
-1 
-1 
-1 
-1 
-1 
-1 
-1 
-1 
-1 
-1 
-1 
-1 
-1 
-1 
-1 
-1 
0 
0 
0 
0 
0 
0 
0 
0 
0 
0 
0 
0 
0 
0 
0 
0 
0 
0 
0 
0 
0 
0 
0 
0 
0 
0 
0 
0 
0 
0 
0 
0 
0 
0 
0 
0 
0 
0 
0 
0 
0 
0 
0 
0 
0 
0 
0 
0 
0 
0 
-1 
-1 
-1 
-1 
-2 
-2 
-2 
-2 
-2 
-2 
-2 
-3 
-3 
-3 
-3 
-3 
-3 
-4 
-4 
-4 
-4 
-4 
-4 
-4 
-4 
-4 
-4 
-4 
-4 
-4 
-4 
-4 
-4 
-3 
-3 
-3 
-3 
-3 
-3 
-3 
-3 
-3 
-3 
-3 
-3 
-3 
-4 
-4 
-4 
-4 
-2 
-2 
-2 
-3 
-3 
-3 
-2 
-2 
-2 
-2 
-2 
-2 
-2 
-2 
-2 
-2 
-4 
-4 
-4 
-4 
-4 
-4 
-4 
-4 
-4 
-4 
-3 
-3 
-3 
-3 
-2 
-2 
-2 
-4 
-4 
-4 
-5 
-5 
-5 
-5 
-5 
-5 
-5 
-7 
-7 
-7 
-12 
-12 
-12 
-12 
-8 
-8 
-8 
-15 
-15 
-15 
-13 
-13 
-13 
-13 
-15 
-15 
-15 
-17 
-17 
-17 
-19 
-19 
-19 
-19 
-20 
-20 
-20 
-18 
-18 
-18 
-23 
-23 
-23 
-23 
-24 
-24 
-24 
-22 
-22 
-22 
-22 
-23 
-23 
-23 
-24 
-24 
-24 
-31 
-31 
-31 
-31 
-39 
-39 
-39 
-41 
-41 
-41 
0 
0 
0 
0 
0 
0 
0 
0 
-45 
-45 
-45 
-47 
-47 
-47 
-47 
-51 
-51 
-51 
24 
24 
24 
-58 
-58 
-58 
-58 
7 
7 
7 
4 
4 
4 
-56 
-56 
-56 
-56 
19 
19 
19 
15 
15 
15 
15 
21 
21 
21 
-1 
-1 
-1 
-1 
-61 
-61 
-61 
-56 
-56 
-56 
-50 
-50 
-50 
-50 
28 
28 
28 
-47 
-47 
-47 
-47 
39 
39 
39 
44 
44 
44 
44 
-47 
-47 
-47 
-39 
-39 
-39 
-39 
4 
4 
4 
4 
4 
4 
4 
-42 
-42 
-42 
24 
24 
24 
-42 
-42 
-42 
-42 
-34 
-34 
-34 
6 
6 
6 
6 
-35 
-35 
-35 
-38 
-38 
-38 
-2 
-2 
-2 
-2 
-42 
-42 
-42 
-35 
-35 
-35 
-35 
-35 
-35 
-35 
-5 
-5 
-5 
-22 
-22 
-22 
-22 
-22 
-22 
-25 
-25 
-25 
-22 
-22 
-22 
-22 
-22 
-22 
-22 
-25 
-25 
-25 
-43 
-43 
-43 
-39 
-39 
-39 
-39 
-39 
-39 
-44 
-44 
-44 
-43 
-43 
-43 
-40 
-40 
-40 
-40 
-33 
-33 
-33 
-33 
-33 
-33 
-25 
-25 
-25 
-28 
-28 
-28 
-24 
-24 
-24 
-24 
-24 
-24 
-29 
-29 
-29 
-38 
-38 
-38 
-49 
-49 
-49 
-61 
-61 
-61 
-73 
-73 
-73 
-73 
-73 
-73 
-73 
-73 
-73 
-73 
-73 
-73 
-73 
-73 
-73 
-73 
-73 
-73 
-73 
-73 
-73 
-73 
-73 
-73 
-73 
-73 
-73 
-73 
-73 
-73 
-73 
-73 
-73 
-73 
-73 
-74 
-74 
-74 
-74 
-74 
-74 
-74 
-74 
-74 
-74 
-74 
-74 
-74 
-74 
-74 
-74 
-74 
-74 
-74 
-74 
-74 
-74 
-74 
-74 
-74 
-74 
-74 
-74 
-74 
-74 
-74 
-74 
-73 
-73 
-73 
-73 
-73 
-73 
-73 
-73 
-73 
-73 
-73 
-73 
-73 
-73 
-73 
-73 
-73 
-73 
-73 
-73 
-73 
-73 
-73 
-73 
-73 
-73 
-73 
-73 
-73 
-73 
-73 
-73 
-73 
-73 
-73 
-73 
-73 
-73 
-73 
-73 
-73 
-73 
-73 
-73 
-73 
-73 
-73 
-73 
-73 
-73 
-73 
-73 
-73 
-73 
-73 
-73 
-73 
-73 
-73 
-73 
-73 
-73 
-73 
-73 
-73 
-73 
-73 
-73 
-73 
-73 
-73 
-73 
-73 
-73 
-73 
-73 
-73 
-73 
-73 
-73 
-73 
-73 
-73 
-73 
-73 
-73 
-73 
-73 
-73 
-73 
-73 
-73 
-73 
-73 
-73 
-73 
-73 
-73 
-73 
-73 
-73 
-73 
-73 
-73 
-73 
-73 
-73 
-73 
-73 
-73 
-73 
-73 
-73 
-73 
-73 
-73 
-73 
-73 
-73 
-73 
-73 
-73 
-73 
-73 
-73 
-73 
-73 
-73 
-73 
-73 
-73 
-73 
-73 
-73 
-73 
-73 
-73 
-73 
-73 
-73 
-73 
-73 
-73 
-73 
-73 
-73 
-73 
-73 
-73 
-73 
-73 
-73 
-73 
-73 
-73 
-73 
-73 
-73 
-73 
-73 
-73 
-73 
-73 
-73 
-73 
-73 
-73 
-73 
-73 
-73 
-73 
-73 
-73 
-73 
-73 
-73 
-73 
-73 
-73 
-73 
-73 
-73 
-73 
-73 
-73 
-73 
-73 
-73 
-73 
-73 
-73 
-73 
-73 
-73 
-73 
-73 
-73 
-73 
-73 
-73 
-73 
-73 
-73 
-73 
-73 
-73 
-73 
-73 
-73 
-73 
-73 
-73 
-73 
-73 
-73 
-73 
-73 
-73 
-73 
-73 
-73 
-73 
-73 
-73 
-73 
-73 
-73 
-73 
-73 
-73 
-73 
-73 
-73 
-73 
-73 
-73 
-73 
-73 
-73 
-73 
-73 
-73 
-73 
-73 
-73 
-73 
-73 
-73 
-73 
-73 
-73 
-73 
-73 
-73 
-73 
-73 
-73 
-73 
-73 
-73 
-73 
-73 
-73 
-73 
-73 
-73 
-73 
-73 
-73 
-73 
-73 
-73 
-73 
-73 
-73 
-73 
-73 
-73 
-73 
-73 
-73 
-73 
-73 
-73 
-73 
-73 
-73 
-73 
-73 
-73 
-73 
-73 
-73 
-73 
-73 
-73 
-73 
-73 
-73 
-73 
-73 
-73 
-73 
-73 
-73 
-73 
-73 
-73 
-73 
-73 
-73 
-73 
-73 
-73 
-73 
-73 
-73 
-73 
-73 
-73 
-73 
-73 
-73 
-73 
-73 
-73 
-73 
-73 
-73 
-73 
-73 
-73 
-73 
-73 
-73 
-73 
-73 
-73 
-73 
-73 
-73 
-73 
-73 
-73 
-73 
-73 
-73 
-73 
-73 
-73 
-73 
-73 
-73 
-73 
-73 
-73 
-73 
-73 
-73 
-73 
-73 
-73 
-73 
-73 
-73 
-73 
-73 
-73 
-73 
-73 
-73 
-73 
-73 
-73 
-73 
-73 
-73 
-73 
-73 
-73 
-73 
-73 
-73 
-73 
-73 
-73 
-73 
-73 
-73 
-73 
-73 
-73 
-73 
-73 
-73 
-73 
-73 
-73 
-73 
-73 
-73 
-73 
-73 
-73 
-73 
-73 
-73 
-73 
-73 
-73 
-73 
-73 
-73 
-73 
-73 
-73 
-73 
-73 
-73 
-73 
-73 
-73 
-73 
-73 
-73 
-73 
-73 
-73 
-73 
-73 
-73 
-73 
-73 
-73 
-73 
-73 
-73 
-73 
-73 
-73 
-73 
-73 
-73 
-73 
-73 
-73 
-73 
-73 
-73 
-73 
-73 
-73 
-73 
-73 
-73 
-73 
-73 
-73 
-73 
-73 
-73 
-73 
-73 
-73 
-73 
-73 
-73 
-73 
-73 
-73 
-73 
-73 
-73 
-73 
-73 
-73 
-73 
-73 
-73 
-73 
-73 
-73 
-73 
-73 
-73 
-73 
-73 
-73 
-73 
-73 
-73 
-73 
-73 
-73 
-73 
-73 
-73 
-73 
-73 
-73 
-73 
-73 
-73 
-73 
-73 
-73 
-73 
-73 
-73 
-73 
-73 
-73 
-73 
-73 
-73 
-73 
-73 
-73 
-73 
-73 
-73 
-73 
-73 
-73 
-73 
-73 
-73 
-73 
-73 
-73 
-73 
-73 
-73 
-73 
-73 
-73 
-73 
-73 
-73 
-73 
-73 
-73 
-73 
-73 
-73 
-73 
-73 
-73 
-73 
-73 
-73 
-73 
-73 
-73 
-73 
-73 
-73 
-73 
-73 
-73 
-73 
-73 
-73 
-73 
-73 
-73 
-73 
-73 
-73 
-73 
-73 
-73 
-73 
-73 
-73 
-73 
-73 
-73 
-73 
-73 
-73 
-73 
-73 
-73 
-73 
-73 
-73 
-73 
-73 
-73 
-73 
-73 
-73 
-73 
-73 
-73 
-73 
-73 
-73 
-73 
-73 
-73 
-73 
-73 
-73 
-73 
-73 
-73 
-73 
-73 
-73 
-73 
-73 
-73 
-73 
-73 
-73 
-73 
-73 
-73 
-73 
-73 
59 
59 
59 
59 
59 
64 
64 
64 
64 
64 
64 
64 
64 
64 
-2 
-2 
-2 
-2 
-2 
-2 
-2 
-46 
-46 
-46 
-46 
-46 
-46 
-46 
-28 
-28 
-28 
-28 
-28 
-28 
-28 
-20 
-20 
-20 
-20 
-20 
-20 
-20 
-20 
-30 
-30 
-30 
-30 
-30 
-30 
-30 
6 
6 
6 
6 
6 
6 
6 
-18 
-18 
-18 
-18 
-18 
-18 
-18 
-19 
-19 
-19 
-19 
-19 
-19 
-19 
-19 
9 
9 
9 
9 
9 
9 
9 
-12 
-12 
-12 
-12 
-12 
-12 
-12 
-19 
-19 
-19 
-19 
-19 
-19 
-19 
-19 
0 
0 
0 
0 
0 
0 
0 
-19 
-19 
-19 
-19 
-19 
-19 
-19 
-19 
-11 
-11 
-11 
-11 
-11 
-11 
-11 
-26 
-26 
-26 
-26 
-26 
-26 
-26 
-26 
3 
3 
3 
3 
3 
3 
3 
-20 
-20 
-20 
-20 
-20 
-20 
-20 
-20 
-40 
-40 
-40 
-40 
-40 
-40 
-40 
-48 
-48 
-48 
-48 
-48 
-48 
-48 
-48 
-6 
-6 
-6 
-6 
-6 
-6 
-6 
-6 
-16 
-16 
-16 
-16 
-16 
-16 
-16 
-24 
-24 
-24 
-24 
-24 
-24 
-24 
-24 
-18 
-18 
-18 
-18 
-18 
-18 
-18 
-18 
-24 
-24 
-24 
-24 
-24 
-24 
-24 
-24 
-10 
-10 
-10 
-10 
-10 
-10 
-10 
-15 
-15 
-15 
-15 
-15 
-15 
-15 
-15 
-1 
-1 
-1 
-1 
-1 
-1 
-1 
-1 
-48 
-48 
-48 
-48 
-48 
-48 
-48 
-48 
-20 
-20 
-20 
-20 
-20 
-20 
-20 
-22 
-22 
-22 
-22 
-22 
-22 
-22 
-22 
-42 
-42 
-42 
-42 
-42 
-42 
-42 
-42 
-12 
-12 
-12 
-12 
-12 
-12 
-12 
-12 
-23 
-23 
-23 
-23 
-23 
-23 
-23 
-23 
-45 
-45 
-45 
-45 
-45 
-45 
-45 
-15 
-15 
