0 
0 
0 
0 
0 
0 
0 
0 
0 
0 
0 
0 
0 
0 
0 
0 
0 
0 
0 
0 
0 
0 
0 
0 
0 
0 
0 
0 
0 
0 
0 
0 
0 
0 
0 
0 
0 
0 
0 
0 
0 
0 
0 
0 
0 
0 
0 
0 
0 
0 
0 
0 
0 
0 
0 
0 
0 
0 
0 
0 
0 
0 
0 
0 
0 
0 
0 
0 
0 
0 
0 
0 
0 
0 
0 
0 
0 
0 
0 
0 
0 
0 
0 
0 
0 
0 
0 
0 
0 
0 
0 
0 
0 
0 
0 
0 
0 
0 
0 
0 
0 
0 
0 
0 
0 
0 
0 
0 
0 
0 
0 
0 
0 
0 
0 
0 
0 
0 
0 
0 
0 
0 
0 
0 
0 
0 
0 
0 
0 
0 
0 
0 
0 
0 
0 
0 
0 
0 
0 
0 
0 
0 
0 
0 
0 
0 
0 
0 
0 
0 
0 
0 
0 
0 
0 
0 
0 
0 
0 
0 
0 
0 
0 
0 
0 
0 
0 
0 
0 
0 
0 
0 
0 
0 
0 
0 
0 
0 
0 
0 
0 
0 
0 
0 
0 
0 
0 
0 
0 
0 
0 
0 
0 
0 
0 
0 
0 
0 
0 
0 
0 
0 
0 
0 
0 
0 
0 
0 
0 
0 
0 
0 
0 
0 
0 
0 
0 
0 
0 
0 
0 
0 
0 
0 
0 
0 
0 
0 
0 
0 
0 
0 
0 
0 
0 
0 
0 
0 
0 
7 
7 
7 
7 
7 
7 
7 
7 
7 
7 
7 
7 
7 
7 
7 
7 
7 
7 
7 
7 
7 
7 
7 
7 
7 
7 
7 
7 
7 
7 
7 
7 
7 
7 
7 
7 
7 
7 
7 
7 
7 
7 
7 
7 
7 
7 
7 
7 
7 
7 
7 
7 
7 
7 
7 
7 
7 
7 
7 
7 
7 
7 
7 
7 
7 
7 
7 
7 
7 
7 
7 
7 
7 
7 
7 
-62 
-62 
-62 
-62 
-61 
-61 
-61 
-57 
-57 
-57 
-55 
-55 
-55 
-55 
-52 
-52 
-52 
-48 
-48 
-48 
-47 
-47 
-47 
-47 
-44 
-44 
-44 
-40 
-40 
-40 
-38 
-38 
-38 
-38 
-38 
-38 
-38 
-37 
-37 
-37 
-35 
-35 
-35 
-34 
-34 
-34 
-34 
-32 
-32 
-32 
-32 
-32 
-32 
-29 
-29 
-29 
-29 
-29 
-29 
-29 
-28 
-28 
-28 
-28 
-28 
-28 
-27 
-27 
-27 
-27 
-26 
-26 
-26 
-25 
-25 
-25 
-24 
-24 
-24 
-24 
-24 
-24 
-24 
-26 
-26 
-26 
-27 
-27 
-27 
-27 
-27 
-27 
-27 
-28 
-28 
-28 
-28 
-28 
-28 
-28 
-28 
-28 
-28 
-27 
-27 
-27 
-27 
-27 
-27 
-27 
-27 
-27 
-27 
-26 
-26 
-26 
-25 
-25 
-25 
-23 
-23 
-23 
-23 
-21 
-21 
-21 
-18 
-18 
-18 
-17 
-17 
-17 
-17 
-15 
-15 
-15 
-13 
-13 
-13 
-11 
-11 
-11 
-11 
-8 
-8 
-8 
-7 
-7 
-7 
-5 
-5 
-5 
-3 
-3 
-3 
-3 
-2 
-2 
-2 
0 
0 
0 
0 
0 
0 
0 
0 
0 
0 
0 
0 
0 
0 
0 
0 
0 
0 
0 
0 
4 
4 
4 
4 
4 
4 
4 
4 
4 
4 
5 
5 
5 
6 
6 
6 
8 
8 
8 
8 
8 
8 
8 
9 
9 
9 
10 
10 
10 
10 
11 
11 
11 
12 
12 
12 
13 
13 
13 
14 
14 
14 
14 
15 
15 
15 
16 
16 
16 
17 
17 
17 
17 
18 
18 
18 
19 
19 
19 
20 
20 
20 
20 
20 
20 
20 
21 
21 
21 
22 
22 
22 
22 
22 
22 
22 
23 
23 
23 
24 
24 
24 
24 
24 
24 
24 
25 
25 
25 
25 
25 
25 
26 
26 
26 
26 
26 
26 
26 
27 
27 
27 
27 
28 
28 
28 
28 
28 
28 
28 
28 
28 
29 
29 
29 
29 
29 
29 
29 
30 
30 
30 
30 
30 
30 
31 
31 
31 
31 
31 
31 
31 
32 
32 
32 
32 
32 
32 
32 
32 
32 
32 
32 
32 
32 
32 
32 
32 
33 
33 
33 
33 
33 
33 
33 
33 
33 
33 
33 
33 
33 
33 
34 
34 
34 
34 
34 
34 
34 
34 
34 
34 
35 
35 
35 
35 
35 
35 
35 
35 
35 
36 
36 
36 
36 
36 
36 
36 
36 
36 
36 
36 
36 
36 
36 
36 
36 
36 
36 
36 
36 
36 
36 
36 
36 
36 
36 
36 
36 
36 
36 
36 
36 
36 
36 
36 
36 
36 
36 
36 
36 
35 
35 
35 
35 
35 
35 
35 
35 
35 
35 
35 
35 
35 
35 
35 
35 
35 
35 
35 
35 
35 
35 
35 
35 
35 
35 
35 
35 
35 
35 
35 
35 
35 
35 
35 
35 
35 
35 
35 
35 
35 
35 
35 
35 
35 
35 
35 
35 
35 
35 
35 
35 
35 
35 
35 
35 
35 
35 
35 
35 
35 
35 
35 
34 
34 
34 
34 
34 
34 
33 
33 
33 
33 
33 
33 
33 
32 
32 
32 
32 
32 
32 
32 
31 
31 
31 
31 
31 
31 
30 
30 
30 
30 
30 
30 
30 
30 
30 
30 
30 
30 
30 
29 
29 
29 
30 
30 
30 
30 
30 
30 
30 
29 
29 
29 
29 
29 
29 
29 
29 
29 
29 
28 
28 
28 
28 
28 
28 
28 
27 
27 
27 
27 
27 
27 
26 
26 
26 
25 
25 
25 
25 
25 
25 
25 
24 
24 
24 
24 
24 
24 
24 
23 
23 
23 
23 
23 
23 
23 
23 
23 
23 
22 
22 
22 
22 
22 
22 
22 
22 
22 
22 
21 
21 
21 
21 
21 
21 
21 
21 
21 
20 
20 
20 
20 
20 
20 
20 
20 
20 
20 
20 
19 
19 
19 
19 
19 
19 
19 
19 
19 
19 
18 
18 
18 
18 
18 
18 
17 
17 
17 
17 
17 
17 
17 
16 
16 
16 
16 
16 
16 
15 
15 
15 
15 
15 
15 
15 
15 
15 
15 
14 
14 
14 
14 
14 
14 
14 
14 
14 
14 
13 
13 
13 
13 
13 
13 
13 
13 
13 
13 
12 
12 
12 
12 
12 
12 
12 
12 
12 
12 
12 
12 
12 
13 
13 
13 
13 
13 
13 
13 
13 
13 
13 
13 
13 
13 
13 
13 
13 
13 
12 
12 
12 
12 
12 
12 
12 
12 
12 
12 
11 
11 
11 
10 
10 
10 
10 
10 
10 
10 
10 
10 
10 
9 
9 
9 
9 
9 
9 
8 
8 
8 
8 
8 
8 
8 
7 
7 
7 
6 
6 
6 
6 
6 
6 
6 
6 
6 
6 
5 
5 
5 
4 
4 
4 
4 
4 
4 
4 
4 
4 
4 
4 
4 
4 
4 
4 
4 
4 
3 
3 
3 
3 
3 
3 
3 
3 
3 
3 
3 
3 
3 
3 
3 
3 
3 
3 
3 
3 
3 
3 
3 
3 
3 
3 
3 
3 
3 
3 
3 
3 
3 
3 
3 
3 
3 
3 
3 
2 
2 
2 
2 
2 
2 
2 
2 
2 
2 
1 
1 
1 
1 
1 
1 
1 
0 
0 
0 
0 
0 
0 
0 
0 
0 
0 
0 
0 
0 
0 
0 
0 
0 
0 
0 
0 
0 
0 
0 
0 
0 
0 
0 
0 
0 
0 
0 
0 
0 
0 
0 
0 
0 
0 
0 
0 
0 
0 
0 
0 
0 
0 
0 
0 
0 
0 
0 
0 
0 
0 
0 
0 
0 
0 
0 
0 
0 
0 
0 
0 
0 
0 
0 
0 
0 
0 
0 
0 
0 
-1 
-1 
-1 
0 
0 
0 
-2 
-2 
-2 
-2 
-2 
-2 
-2 
-3 
-3 
-3 
-3 
-3 
-3 
-3 
-3 
-3 
-3 
-3 
-3 
-3 
-4 
-4 
-4 
-4 
-4 
-4 
-4 
-4 
-4 
-4 
-4 
-4 
-4 
-4 
-4 
-4 
-4 
-4 
-4 
-4 
-4 
-4 
-4 
-4 
-4 
-4 
-5 
-5 
-5 
-5 
-5 
-5 
-5 
-4 
-4 
-4 
-3 
-3 
-3 
-3 
-4 
-4 
-4 
-3 
-3 
-3 
-4 
-4 
-4 
-4 
-3 
-3 
-3 
-5 
-5 
-5 
-5 
-5 
-5 
-5 
-3 
-3 
-3 
-3 
-3 
-3 
-3 
-3 
-3 
-3 
-3 
-3 
-3 
-3 
-3 
-3 
-2 
-2 
-2 
-2 
-2 
-2 
-2 
-2 
-2 
-2 
-1 
-1 
-1 
-1 
-1 
-1 
-1 
0 
0 
0 
0 
0 
0 
0 
0 
0 
0 
0 
0 
0 
0 
0 
0 
0 
0 
0 
0 
0 
0 
0 
0 
0 
0 
1 
1 
1 
1 
1 
1 
1 
0 
0 
0 
1 
1 
1 
1 
1 
1 
1 
1 
1 
1 
2 
2 
2 
2 
2 
2 
1 
1 
1 
1 
2 
2 
2 
2 
2 
2 
1 
1 
1 
1 
2 
2 
2 
2 
2 
2 
2 
2 
2 
2 
2 
2 
2 
3 
3 
3 
2 
2 
2 
3 
3 
3 
3 
3 
3 
3 
3 
3 
3 
3 
3 
3 
3 
3 
3 
3 
3 
3 
3 
3 
3 
3 
3 
2 
2 
2 
2 
2 
2 
2 
2 
2 
2 
3 
3 
3 
3 
3 
3 
3 
3 
3 
3 
3 
3 
3 
3 
3 
3 
3 
3 
3 
4 
4 
4 
4 
4 
4 
4 
5 
5 
5 
5 
5 
5 
6 
6 
6 
6 
6 
6 
6 
7 
7 
7 
7 
7 
7 
7 
7 
7 
7 
7 
7 
7 
7 
7 
7 
7 
7 
7 
7 
7 
7 
7 
7 
7 
7 
7 
7 
7 
16 
16 
16 
16 
17 
17 
17 
17 
18 
18 
18 
18 
18 
18 
18 
18 
18 
19 
19 
19 
19 
20 
20 
20 
22 
22 
22 
23 
23 
23 
23 
23 
23 
23 
23 
23 
23 
22 
22 
22 
22 
22 
22 
23 
23 
23 
23 
23 
23 
23 
24 
24 
24 
24 
24 
24 
24 
25 
25 
25 
26 
26 
26 
27 
27 
27 
27 
27 
27 
27 
28 
28 
28 
28 
28 
28 
30 
30 
30 
30 
31 
31 
31 
31 
31 
31 
33 
33 
33 
33 
33 
33 
33 
33 
33 
33 
33 
33 
33 
33 
33 
33 
33 
34 
34 
34 
34 
34 
34 
34 
34 
34 
34 
35 
35 
35 
36 
36 
36 
38 
38 
38 
38 
39 
39 
39 
41 
41 
41 
41 
-71 
-71 
-71 
46 
46 
46 
48 
48 
48 
-67 
-67 
-67 
-67 
-66 
-66 
-66 
49 
49 
49 
50 
50 
50 
50 
50 
50 
50 
49 
49 
49 
49 
49 
49 
49 
48 
48 
48 
-70 
-70 
-70 
45 
45 
45 
43 
43 
43 
43 
40 
40 
40 
37 
37 
37 
33 
33 
33 
29 
29 
29 
29 
26 
26 
26 
23 
23 
23 
20 
20 
20 
20 
18 
18 
18 
15 
15 
15 
13 
13 
13 
13 
13 
13 
13 
13 
13 
13 
10 
10 
10 
9 
9 
9 
9 
9 
9 
9 
9 
9 
9 
10 
10 
10 
10 
11 
11 
11 
11 
11 
11 
11 
11 
11 
11 
11 
11 
11 
11 
11 
11 
11 
11 
11 
11 
10 
10 
10 
10 
10 
10 
10 
9 
9 
9 
8 
8 
8 
7 
7 
7 
7 
7 
7 
7 
5 
5 
5 
4 
4 
4 
3 
3 
3 
2 
2 
2 
2 
1 
1 
1 
0 
0 
0 
0 
0 
0 
0 
0 
0 
0 
0 
0 
0 
0 
0 
0 
0 
0 
0 
0 
0 
0 
0 
0 
0 
0 
0 
0 
0 
0 
0 
0 
0 
0 
0 
0 
0 
0 
0 
0 
0 
0 
0 
0 
0 
0 
0 
0 
0 
0 
0 
0 
0 
0 
0 
0 
0 
0 
0 
0 
0 
0 
0 
0 
0 
0 
0 
0 
0 
0 
0 
0 
0 
0 
0 
0 
0 
0 
0 
0 
0 
0 
0 
0 
0 
0 
0 
0 
0 
0 
0 
0 
0 
0 
0 
0 
0 
0 
0 
0 
0 
0 
0 
0 
0 
0 
0 
0 
0 
0 
0 
0 
0 
0 
0 
0 
0 
0 
0 
0 
0 
0 
0 
0 
0 
0 
0 
0 
0 
0 
0 
0 
0 
0 
0 
0 
0 
0 
0 
0 
0 
0 
0 
0 
0 
0 
0 
0 
0 
0 
0 
0 
0 
0 
0 
0 
0 
0 
0 
0 
0 
0 
0 
0 
0 
0 
0 
0 
0 
0 
0 
0 
0 
0 
0 
-25 
-25 
-25 
-25 
-25 
-25 
-25 
-25 
-25 
-25 
-26 
-26 
-26 
-26 
-27 
-27 
-27 
-27 
-27 
-27 
-27 
-28 
-28 
-28 
-28 
-28 
-28 
-28 
-28 
-28 
-29 
-29 
-29 
-29 
-30 
-30 
-30 
-30 
-30 
-30 
-31 
-31 
-31 
-31 
-31 
-31 
-31 
-32 
-32 
-32 
-32 
-32 
-32 
-32 
-33 
-33 
-33 
-33 
-33 
-33 
-32 
-32 
-32 
-32 
-32 
-32 
-32 
-32 
-32 
-32 
-32 
-32 
-32 
-32 
-31 
-31 
-31 
-30 
-30 
-30 
-30 
-30 
-30 
-28 
-28 
-28 
-28 
-28 
-28 
-28 
-25 
-25 
-25 
-25 
-25 
-25 
-25 
-25 
-25 
-25 
-26 
-26 
-26 
-26 
-23 
-23 
-23 
-23 
-23 
-23 
-23 
-23 
-23 
-23 
-23 
-23 
-23 
-23 
-23 
-23 
-18 
-18 
-18 
-18 
-18 
-18 
-18 
-19 
-19 
-19 
-17 
-17 
-17 
-17 
-17 
-17 
-17 
-16 
-16 
-16 
-15 
-15 
-15 
-15 
-14 
-14 
-14 
-12 
-12 
-12 
-14 
-14 
-14 
-13 
-13 
-13 
-13 
-8 
-8 
-8 
-10 
-10 
-10 
-10 
-10 
-10 
-10 
-12 
-12 
-12 
-16 
-16 
-16 
-16 
-17 
-17 
-17 
-16 
-16 
-16 
-20 
-20 
-20 
-19 
-19 
-19 
-19 
-18 
-18 
-18 
-23 
-23 
-23 
-27 
-27 
-27 
-27 
-26 
-26 
-26 
-31 
-31 
-31 
-31 
-30 
-30 
-30 
-30 
-30 
-30 
-30 
-30 
-30 
-30 
-30 
-30 
-35 
-35 
-35 
-35 
-37 
-37 
-37 
-37 
-38 
-38 
-38 
-38 
-46 
-46 
-46 
-42 
-42 
-42 
-42 
-48 
-48 
-48 
-39 
-39 
-39 
-39 
-39 
-39 
-39 
-39 
-39 
-60 
-60 
-60 
-60 
-57 
-57 
-57 
-59 
-59 
-59 
-59 
-59 
-59 
-59 
-59 
-59 
-59 
-59 
-59 
-59 
-59 
-59 
-59 
-59 
-59 
-59 
-59 
-59 
-59 
-59 
-59 
-59 
-59 
-59 
-59 
-59 
-59 
-59 
-59 
-59 
-59 
-59 
-59 
-59 
-59 
-59 
-59 
-59 
-59 
-59 
-59 
-59 
-59 
-59 
-59 
-59 
-59 
-59 
-59 
-59 
-59 
-59 
-59 
-59 
-59 
-59 
-59 
-59 
-59 
-59 
-59 
-59 
-59 
-59 
-59 
-59 
-59 
-59 
-59 
-59 
-59 
-59 
-59 
-59 
-59 
-59 
-59 
-59 
-59 
-59 
-59 
-59 
-59 
-59 
-59 
-59 
-59 
-59 
-59 
-59 
-59 
-59 
-59 
-59 
-59 
-59 
-59 
-59 
-59 
-59 
-59 
-59 
-59 
-59 
-59 
-59 
-59 
-59 
-59 
-59 
-59 
-59 
-59 
-59 
-59 
-59 
-59 
-59 
-59 
-59 
-59 
-59 
-59 
-59 
-59 
-59 
-59 
-59 
-59 
-59 
-59 
-59 
-59 
-59 
-59 
-59 
-59 
-59 
-59 
-59 
-59 
-59 
-59 
-60 
-60 
-60 
-59 
-59 
-59 
-61 
-61 
-61 
-61 
-59 
-59 
-59 
-61 
-61 
-61 
-61 
-61 
-61 
-61 
-59 
-59 
-59 
-59 
-59 
-59 
-59 
-59 
-59 
-59 
-60 
-60 
-60 
-60 
-60 
-60 
-60 
-57 
-57 
-57 
-59 
-59 
-59 
-61 
-61 
-61 
-57 
-57 
-57 
-57 
-57 
-57 
-57 
-57 
-57 
-57 
-57 
-57 
-57 
-57 
-57 
-57 
-57 
-57 
-57 
-57 
-57 
-57 
-57 
-57 
-57 
-57 
-57 
-57 
-57 
-57 
-57 
-57 
-57 
-57 
-57 
-57 
-57 
-57 
-57 
-57 
-57 
-57 
-57 
-57 
-57 
-57 
-57 
-57 
-57 
-57 
-57 
-57 
-57 
-57 
-57 
-57 
-57 
-57 
-57 
-57 
-57 
-57 
-57 
-57 
-57 
-57 
-57 
-57 
-57 
-57 
-57 
-57 
-57 
-57 
-57 
-57 
-57 
-57 
-57 
-57 
-57 
-57 
-57 
-57 
-57 
-57 
-57 
-57 
-57 
-57 
-57 
-57 
-57 
-57 
-57 
-57 
-57 
-57 
-57 
-57 
-63 
-63 
-63 
-59 
-59 
-59 
-59 
-59 
-59 
-59 
-54 
-54 
-54 
-48 
-48 
-48 
-48 
-43 
-43 
-43 
-43 
-43 
-43 
-43 
-43 
-43 
-43 
-43 
-43 
-43 
-55 
-55 
-55 
-55 
-55 
-55 
-55 
-57 
-57 
-57 
-56 
-56 
-56 
-53 
-53 
-53 
-53 
-54 
-54 
-54 
-53 
-53 
-53 
-51 
-51 
-51 
-51 
-51 
-51 
-51 
-47 
-47 
-47 
-36 
-36 
-36 
-36 
-41 
-41 
-41 
-30 
-30 
-30 
-29 
-29 
-29 
-29 
-31 
-31 
-31 
-28 
-28 
-28 
-30 
-30 
-30 
-23 
-23 
-23 
-23 
-33 
-33 
-33 
-26 
-26 
-26 
-35 
-35 
-35 
-35 
-34 
-34 
-34 
-26 
-26 
-26 
-26 
-26 
-26 
-26 
-26 
-26 
-26 
-34 
-34 
-34 
-33 
-33 
-33 
-33 
-33 
-33 
-33 
-23 
-23 
-23 
-29 
-29 
-29 
-29 
-29 
-29 
-29 
-28 
-28 
-28 
-26 
-26 
-26 
-26 
-23 
-23 
-23 
-23 
-23 
-23 
-20 
-20 
-20 
-20 
-32 
-32 
-32 
-20 
-20 
-20 
-11 
-11 
-11 
-11 
-18 
-18 
-18 
-18 
-18 
-18 
-18 
-18 
-18 
-18 
-28 
-28 
-28 
-28 
-31 
-31 
-31 
-31 
-25 
-25 
-25 
-25 
-35 
-35 
-35 
-35 
-37 
-37 
-37 
-37 
-37 
-37 
-37 
-39 
-39 
-39 
-32 
-32 
-32 
-41 
-41 
-41 
-40 
-40 
-40 
-41 
-41 
-41 
-42 
-42 
-42 
-42 
-42 
-42 
-42 
-39 
-39 
-39 
-41 
-41 
-41 
-32 
-32 
-32 
-39 
-39 
-39 
-37 
-37 
-37 
-36 
-36 
-36 
-35 
-35 
-35 
-26 
-26 
-26 
-33 
-33 
-33 
-30 
-30 
-30 
-30 
-23 
-23 
-23 
-32 
-32 
-32 
-23 
-23 
-23 
-33 
-33 
-33 
-33 
-34 
-34 
-34 
-25 
-25 
-25 
-29 
-29 
-29 
-29 
-37 
-37 
-37 
-37 
-37 
-37 
-29 
-29 
-29 
-29 
-33 
-33 
-33 
-34 
-34 
-34 
-32 
-32 
-32 
-32 
-35 
-35 
-35 
-25 
-25 
-25 
-33 
-33 
-33 
-31 
-31 
-31 
-31 
-39 
-39 
-39 
-33 
-33 
-33 
-40 
-40 
-40 
-40 
-43 
-43 
-43 
-38 
-38 
-38 
-46 
-46 
-46 
-46 
-42 
-42 
-42 
-46 
-46 
-46 
-49 
-49 
-49 
-49 
-49 
-49 
-49 
-42 
-42 
-42 
-42 
-42 
-42 
-49 
-49 
-49 
-49 
-45 
-45 
-45 
-42 
-42 
-42 
-44 
-44 
-44 
-44 
-44 
-44 
-44 
-51 
-51 
-51 
-51 
-51 
-51 
-51 
-51 
-51 
-51 
-51 
-51 
-52 
-52 
-52 
-47 
-47 
-47 
-47 
-50 
-50 
-50 
-50 
-50 
-50 
-49 
-49 
-49 
-50 
-50 
-50 
-50 
-50 
-50 
-50 
-50 
-50 
-51 
-51 
-51 
-55 
-55 
-55 
-55 
-55 
-55 
-55 
-55 
-55 
-55 
-54 
-54 
-54 
-55 
-55 
-55 
-53 
-53 
-53 
-58 
-58 
-58 
-58 
-58 
-58 
-58 
-58 
-58 
-58 
-58 
-58 
-58 
-58 
-58 
-58 
-58 
-57 
-57 
-57 
-57 
-58 
-58 
-58 
-60 
-60 
-60 
-58 
-58 
-58 
-58 
-58 
-58 
-58 
-58 
-58 
-58 
-58 
-58 
-58 
-58 
-58 
-58 
-53 
-53 
-53 
-53 
-53 
-53 
-53 
-54 
-54 
-54 
-54 
-51 
-51 
-51 
-49 
-49 
-49 
-50 
-50 
-50 
-50 
-45 
-45 
-45 
-43 
-43 
-43 
-43 
-43 
-43 
-44 
-44 
-44 
-44 
-43 
-43 
-43 
-47 
-47 
-47 
-48 
-48 
-48 
-48 
-51 
-51 
-51 
-51 
-51 
-51 
-50 
-50 
-50 
-50 
-49 
-49 
-49 
-52 
-52 
-52 
-54 
-54 
-54 
-54 
-58 
-58 
-58 
-58 
-58 
-58 
-60 
-60 
-60 
-60 
-60 
-60 
-60 
-60 
-60 
-60 
-60 
-60 
-60 
-60 
-60 
-60 
-60 
-60 
-60 
-60 
-60 
-60 
-60 
-60 
-60 
-60 
-60 
-60 
-60 
-60 
-60 
-60 
-60 
-60 
-60 
-60 
-60 
-59 
-59 
-59 
-59 
-59 
-59 
-60 
-60 
-60 
-60 
-59 
-59 
-59 
-59 
-59 
-59 
-59 
-59 
-59 
-59 
-29 
-29 
-29 
-29 
-25 
-25 
-25 
-49 
-49 
-49 
-49 
-33 
-33 
-33 
-33 
-29 
-29 
-29 
-29 
-46 
-46 
-46 
-46 
-38 
-38 
-38 
-38 
-49 
-49 
-49 
-35 
-35 
-35 
-35 
-52 
-52 
-52 
-52 
-54 
-54 
-54 
28 
28 
28 
28 
-56 
-56 
-56 
-56 
49 
49 
49 
49 
31 
31 
31 
31 
38 
38 
38 
38 
6 
6 
6 
6 
6 
6 
5 
5 
5 
5 
5 
6 
6 
6 
6 
6 
49 
49 
49 
49 
49 
49 
22 
22 
22 
22 
22 
22 
54 
54 
54 
54 
54 
54 
43 
43 
43 
43 
43 
43 
50 
50 
50 
50 
50 
53 
53 
53 
53 
53 
53 
49 
49 
49 
49 
49 
49 
26 
26 
26 
26 
26 
26 
25 
25 
25 
25 
25 
25 
40 
40 
40 
40 
40 
40 
22 
22 
22 
22 
22 
22 
29 
29 
29 
29 
29 
29 
29 
29 
29 
29 
29 
25 
25 
25 
25 
25 
25 
33 
33 
33 
33 
33 
33 
21 
21 
21 
21 
21 
21 
26 
26 
26 
26 
26 
26 
25 
25 
25 
25 
25 
25 
25 
25 
25 
25 
25 
25 
79 
79 
79 
79 
79 
79 
25 
25 
25 
25 
25 
25 
25 
25 
25 
25 
25 
25 
22 
22 
22 
22 
22 
22 
79 
79 
79 
79 
79 
79 
22 
22 
22 
22 
22 
22 
79 
79 
79 
79 
79 
79 
21 
21 
21 
21 
21 
21 
24 
24 
24 
24 
24 
52 
52 
52 
52 
52 
52 
24 
24 
24 
24 
24 
24 
24 
24 
24 
24 
24 
24 
78 
78 
78 
78 
78 
78 
24 
24 
24 
24 
24 
24 
21 
21 
21 
21 
21 
21 
52 
52 
52 
52 
52 
52 
21 
21 
21 
21 
21 
21 
79 
79 
79 
79 
79 
79 
78 
78 
78 
78 
78 
78 
-9 
-9 
-9 
-9 
-9 
-9 
25 
25 
25 
25 
25 
25 
79 
79 
79 
79 
79 
79 
22 
22 
22 
22 
22 
22 
24 
24 
24 
24 
24 
24 
24 
24 
24 
24 
24 
24 
52 
52 
52 
52 
52 
52 
-8 
-8 
-8 
-8 
-8 
-8 
24 
24 
24 
24 
24 
24 
-8 
-8 
-8 
-8 
-8 
79 
79 
79 
79 
79 
79 
24 
24 
24 
24 
24 
24 
52 
52 
52 
52 
52 
52 
24 
24 
24 
24 
24 
24 
78 
78 
78 
78 
78 
78 
53 
53 
53 
53 
53 
53 
24 
24 
24 
24 
24 
24 
79 
79 
79 
79 
79 
79 
24 
24 
24 
24 
24 
24 
25 
25 
25 
25 
25 
25 
21 
21 
21 
21 
21 
21 
24 
24 
24 
24 
24 
79 
79 
79 
79 
79 
79 
25 
25 
25 
25 
25 
25 
53 
53 
53 
53 
53 
53 
24 
24 
24 
24 
24 
24 
21 
21 
21 
21 
21 
21 
25 
25 
25 
25 
25 
25 
78 
78 
78 
78 
78 
78 
52 
52 
52 
52 
52 
52 
21 
21 
21 
21 
21 
21 
22 
22 
22 
22 
22 
22 
78 
78 
78 
78 
78 
78 
25 
25 
25 
25 
25 
25 
79 
79 
79 
79 
79 
25 
25 
25 
25 
25 
25 
53 
53 
53 
53 
53 
53 
22 
22 
22 
22 
22 
22 
24 
24 
24 
24 
24 
24 
25 
25 
25 
25 
25 
25 
24 
24 
24 
24 
24 
24 
24 
24 
24 
24 
24 
24 
21 
21 
21 
21 
21 
21 
24 
24 
24 
24 
24 
24 
-8 
-8 
-8 
-8 
-8 
-8 
25 
25 
25 
25 
25 
25 
53 
53 
53 
53 
53 
53 
25 
25 
25 
25 
25 
79 
79 
79 
79 
79 
79 
79 
79 
79 
79 
79 
79 
24 
24 
24 
24 
24 
24 
-9 
-9 
-9 
-9 
-9 
-9 
24 
24 
24 
24 
24 
24 
79 
79 
79 
79 
79 
79 
25 
25 
25 
25 
25 
25 
21 
21 
21 
21 
21 
21 
22 
22 
22 
22 
22 
22 
79 
79 
79 
79 
79 
79 
22 
22 
22 
22 
22 
22 
25 
25 
25 
25 
25 
25 
22 
22 
22 
22 
22 
22 
53 
53 
53 
53 
53 
53 
24 
24 
24 
24 
24 
24 
25 
25 
25 
25 
25 
53 
53 
53 
53 
53 
53 
24 
24 
24 
24 
24 
24 
53 
53 
53 
53 
53 
53 
21 
21 
21 
21 
21 
21 
-9 
-9 
-9 
-9 
