-13 
-13 
-13 
-13 
-13 
-13 
-13 
-13 
-54 
-54 
-54 
-54 
-54 
-54 
-54 
-54 
-24 
-24 
-24 
-24 
-24 
-24 
-24 
-24 
-16 
-16 
-16 
-16 
-16 
-16 
-16 
-16 
-16 
-16 
-16 
-16 
-16 
-16 
-16 
-23 
-23 
-23 
-23 
-23 
-23 
-23 
-23 
78 
78 
78 
78 
78 
78 
78 
78 
-15 
-15 
-15 
-15 
-15 
-15 
-15 
-15 
-54 
-54 
-54 
-54 
-54 
-54 
-54 
-54 
-21 
-21 
-21 
-21 
-21 
-21 
-21 
-21 
-16 
-16 
-16 
-16 
-16 
-16 
-16 
-11 
-11 
-11 
-11 
-11 
-11 
-11 
-11 
-10 
-10 
-10 
-10 
-10 
-10 
-10 
-10 
-30 
-30 
-30 
-30 
-30 
-30 
-30 
-30 
-22 
-22 
-22 
-22 
-22 
-22 
-22 
-22 
-18 
-18 
-18 
-18 
-18 
-18 
-18 
-18 
-10 
-10 
-10 
-10 
-10 
-10 
-10 
-10 
-15 
-15 
-15 
-15 
-15 
-15 
-15 
-15 
-40 
-40 
-40 
-40 
-40 
-40 
-40 
-13 
-13 
-13 
-13 
-13 
-13 
-13 
-13 
-23 
-23 
-23 
-23 
-23 
-23 
-23 
-23 
-10 
-10 
-10 
-10 
-10 
-10 
-10 
-10 
-18 
-18 
-18 
-18 
-18 
-18 
-18 
-41 
-41 
-41 
-41 
-41 
-41 
-41 
-41 
-12 
-12 
-12 
-12 
-12 
-12 
-12 
-12 
-34 
-34 
-34 
-34 
-34 
-34 
-34 
-11 
-11 
-11 
-11 
-11 
-11 
-11 
-11 
-13 
-13 
-13 
-13 
-13 
-13 
-13 
-25 
-25 
-25 
-25 
-25 
-25 
-25 
-25 
-22 
-22 
-22 
-22 
-22 
-22 
-23 
-23 
-23 
-23 
-23 
-23 
-23 
58 
58 
58 
58 
58 
26 
26 
26 
26 
46 
46 
46 
46 
46 
46 
46 
46 
46 
46 
46 
46 
46 
46 
46 
46 
46 
46 
46 
46 
46 
46 
46 
46 
46 
46 
46 
46 
46 
46 
46 
46 
46 
46 
46 
46 
46 
46 
46 
46 
46 
46 
46 
46 
46 
46 
46 
46 
46 
46 
46 
46 
46 
46 
46 
46 
46 
46 
46 
46 
46 
46 
46 
46 
46 
46 
46 
46 
46 
46 
46 
46 
46 
46 
46 
46 
46 
46 
46 
46 
46 
46 
46 
46 
46 
46 
46 
46 
46 
46 
46 
46 
46 
46 
46 
46 
46 
46 
46 
46 
46 
46 
46 
46 
46 
46 
46 
46 
46 
46 
46 
46 
46 
46 
46 
46 
46 
46 
46 
46 
46 
46 
-40 
-40 
-40 
-37 
-37 
-37 
-36 
-36 
-36 
-36 
-34 
-34 
-34 
-32 
-32 
-32 
-32 
-32 
-32 
-32 
-33 
-33 
-33 
-36 
-36 
-36 
-37 
-37 
-37 
-37 
-37 
-37 
-37 
-36 
-36 
-36 
-36 
-36 
-36 
-36 
-36 
-36 
-36 
-37 
-37 
-37 
-36 
-36 
-36 
-35 
-35 
-35 
-35 
-34 
-34 
-34 
-33 
-33 
-33 
-31 
-31 
-31 
-31 
-29 
-29 
-29 
-27 
-27 
-27 
-23 
-23 
-23 
-21 
-21 
-21 
-21 
-19 
-19 
-19 
-17 
-17 
-17 
-15 
-15 
-15 
-15 
-12 
-12 
-12 
-10 
-10 
-10 
-10 
-8 
-8 
-8 
-5 
-5 
-5 
-4 
-4 
-4 
-4 
-3 
-3 
-3 
0 
0 
0 
0 
0 
0 
0 
0 
0 
0 
1 
1 
1 
2 
2 
2 
3 
3 
3 
3 
4 
4 
4 
4 
4 
4 
5 
5 
5 
5 
5 
5 
5 
6 
6 
6 
7 
7 
7 
7 
8 
8 
8 
9 
9 
9 
10 
10 
10 
11 
11 
11 
11 
12 
12 
12 
13 
13 
13 
14 
14 
14 
14 
15 
15 
15 
16 
16 
16 
17 
17 
17 
17 
18 
18 
18 
19 
19 
19 
20 
20 
20 
20 
21 
21 
21 
22 
22 
22 
23 
23 
23 
23 
24 
24 
24 
25 
25 
25 
25 
25 
25 
25 
26 
26 
26 
27 
27 
27 
27 
27 
27 
27 
28 
28 
28 
28 
28 
28 
28 
28 
28 
28 
29 
29 
29 
29 
29 
29 
29 
29 
29 
29 
29 
29 
29 
29 
29 
29 
30 
30 
30 
30 
30 
30 
30 
30 
30 
30 
31 
31 
31 
31 
31 
31 
31 
31 
31 
31 
31 
31 
31 
32 
32 
32 
32 
32 
32 
32 
32 
32 
32 
32 
32 
32 
32 
33 
33 
33 
33 
33 
33 
33 
33 
33 
33 
33 
33 
33 
34 
34 
34 
34 
34 
34 
34 
34 
34 
34 
35 
35 
35 
35 
35 
35 
35 
35 
35 
35 
35 
35 
35 
35 
35 
35 
35 
35 
35 
35 
35 
35 
35 
35 
35 
35 
35 
35 
35 
35 
35 
35 
35 
35 
35 
35 
34 
34 
34 
35 
35 
35 
35 
35 
35 
35 
35 
35 
35 
35 
35 
35 
35 
35 
35 
35 
35 
35 
35 
35 
35 
35 
35 
35 
35 
35 
35 
35 
35 
36 
36 
36 
36 
36 
36 
36 
36 
36 
36 
36 
36 
36 
36 
36 
36 
36 
35 
35 
35 
35 
35 
35 
35 
35 
35 
35 
34 
34 
34 
34 
34 
34 
33 
33 
33 
33 
33 
33 
33 
33 
33 
33 
32 
32 
32 
32 
32 
32 
32 
32 
32 
32 
32 
32 
32 
32 
32 
32 
32 
32 
32 
32 
32 
32 
32 
32 
32 
32 
32 
32 
32 
32 
32 
32 
32 
32 
32 
32 
32 
32 
32 
32 
31 
31 
31 
31 
31 
31 
31 
30 
30 
30 
29 
29 
29 
29 
29 
29 
29 
28 
28 
28 
27 
27 
27 
27 
26 
26 
26 
26 
26 
26 
25 
25 
25 
25 
24 
24 
24 
24 
24 
24 
23 
23 
23 
22 
22 
22 
22 
22 
22 
22 
22 
22 
22 
21 
21 
21 
21 
21 
21 
21 
21 
21 
21 
21 
21 
21 
21 
20 
20 
20 
20 
20 
20 
20 
20 
20 
20 
21 
21 
21 
21 
21 
21 
21 
21 
21 
21 
21 
21 
21 
21 
21 
21 
21 
21 
21 
21 
21 
21 
21 
20 
20 
20 
20 
20 
20 
19 
19 
19 
19 
19 
19 
19 
19 
19 
19 
18 
18 
18 
18 
17 
17 
17 
17 
17 
17 
16 
16 
16 
16 
16 
16 
16 
15 
15 
15 
14 
14 
14 
14 
14 
14 
14 
13 
13 
13 
13 
13 
13 
13 
12 
12 
12 
12 
12 
12 
11 
11 
11 
11 
10 
10 
10 
10 
10 
10 
9 
9 
9 
9 
9 
9 
9 
9 
9 
9 
8 
8 
8 
8 
8 
8 
8 
8 
8 
8 
8 
8 
8 
8 
8 
8 
8 
7 
7 
7 
7 
7 
7 
7 
7 
7 
7 
7 
7 
7 
7 
7 
7 
7 
7 
7 
7 
6 
6 
6 
6 
6 
6 
6 
6 
6 
6 
6 
6 
6 
6 
6 
6 
6 
6 
6 
6 
6 
6 
6 
6 
6 
6 
5 
5 
5 
5 
5 
5 
5 
5 
5 
5 
5 
5 
5 
5 
4 
4 
4 
4 
4 
4 
3 
3 
3 
3 
3 
3 
3 
3 
3 
3 
3 
3 
3 
2 
2 
2 
2 
2 
2 
2 
2 
2 
2 
2 
2 
2 
2 
-22 
-22 
-22 
1 
1 
1 
-29 
-29 
-29 
-29 
-32 
-32 
-32 
-22 
-22 
-22 
-2 
-2 
-2 
-2 
-6 
-6 
-6 
-9 
-9 
-9 
-9 
-9 
-9 
-5 
-5 
-5 
-5 
-39 
-39 
-39 
-49 
-49 
-49 
-49 
-49 
-49 
-49 
-42 
-42 
-42 
-46 
-46 
-46 
-46 
-1 
-1 
-1 
-5 
-5 
-5 
-5 
-5 
-5 
-4 
-4 
-4 
-4 
0 
0 
0 
-70 
-70 
-70 
-73 
-73 
-73 
-73 
-73 
-73 
-73 
-26 
-26 
-26 
5 
5 
5 
0 
0 
0 
0 
-2 
-2 
-2 
-2 
-2 
-2 
-2 
4 
4 
4 
4 
11 
11 
11 
16 
16 
16 
16 
15 
15 
15 
13 
13 
13 
13 
11 
11 
11 
11 
11 
11 
11 
11 
11 
11 
11 
11 
10 
10 
10 
12 
12 
12 
12 
12 
12 
12 
12 
12 
10 
10 
10 
10 
8 
8 
8 
7 
7 
7 
8 
8 
8 
8 
8 
8 
8 
8 
8 
8 
8 
8 
8 
8 
9 
9 
9 
9 
9 
9 
9 
9 
9 
10 
10 
10 
10 
10 
10 
10 
10 
10 
10 
10 
10 
10 
11 
11 
11 
11 
11 
11 
11 
12 
12 
12 
12 
12 
12 
12 
13 
13 
13 
13 
13 
13 
13 
13 
13 
13 
13 
13 
13 
13 
13 
13 
13 
13 
13 
13 
13 
13 
13 
13 
13 
13 
13 
13 
13 
13 
13 
13 
13 
13 
13 
13 
13 
13 
13 
13 
13 
13 
13 
13 
13 
13 
13 
13 
13 
13 
13 
13 
13 
13 
13 
13 
13 
13 
13 
13 
12 
12 
12 
11 
11 
11 
11 
11 
11 
10 
10 
10 
10 
10 
10 
10 
10 
10 
10 
10 
10 
10 
10 
10 
10 
10 
10 
10 
10 
10 
10 
10 
10 
9 
9 
9 
10 
10 
10 
10 
10 
10 
10 
12 
12 
12 
12 
12 
12 
13 
13 
13 
13 
13 
13 
13 
13 
13 
13 
14 
14 
14 
14 
14 
14 
14 
14 
14 
14 
14 
14 
14 
14 
14 
14 
14 
14 
14 
14 
14 
14 
14 
14 
14 
14 
14 
14 
14 
14 
15 
15 
15 
15 
15 
15 
15 
15 
15 
15 
15 
15 
15 
16 
16 
16 
16 
16 
16 
16 
16 
16 
16 
16 
16 
16 
16 
16 
16 
16 
17 
17 
17 
16 
16 
16 
16 
16 
16 
16 
16 
16 
16 
16 
16 
16 
15 
15 
15 
15 
15 
15 
15 
14 
14 
14 
14 
12 
12 
12 
12 
12 
12 
12 
-63 
-63 
-63 
-56 
-56 
-56 
-25 
-25 
-25 
-32 
-32 
-32 
-32 
8 
8 
8 
7 
7 
7 
6 
6 
6 
5 
5 
5 
5 
5 
5 
5 
4 
4 
4 
3 
3 
3 
2 
2 
2 
2 
2 
2 
2 
2 
2 
2 
2 
2 
2 
2 
2 
2 
2 
2 
2 
2 
2 
2 
2 
2 
2 
2 
2 
3 
3 
3 
3 
3 
3 
3 
3 
3 
3 
4 
4 
4 
3 
3 
3 
3 
3 
3 
3 
3 
3 
3 
3 
3 
3 
3 
5 
5 
5 
5 
5 
5 
4 
4 
4 
4 
4 
4 
4 
5 
5 
5 
7 
7 
7 
7 
8 
8 
8 
9 
9 
9 
10 
10 
10 
11 
11 
11 
11 
12 
12 
12 
11 
11 
11 
11 
11 
11 
11 
11 
11 
11 
11 
11 
11 
12 
12 
12 
12 
12 
12 
12 
13 
13 
13 
13 
13 
13 
13 
13 
13 
13 
14 
14 
14 
14 
14 
14 
15 
15 
15 
15 
15 
15 
15 
15 
15 
15 
18 
18 
18 
18 
18 
18 
18 
18 
18 
18 
19 
19 
19 
19 
19 
19 
19 
19 
19 
19 
19 
19 
19 
20 
20 
20 
20 
20 
20 
20 
20 
20 
20 
20 
20 
20 
20 
20 
20 
20 
20 
20 
20 
20 
20 
20 
20 
20 
20 
20 
20 
20 
20 
20 
20 
20 
20 
20 
20 
20 
20 
20 
20 
20 
20 
20 
20 
20 
20 
20 
20 
20 
20 
20 
20 
20 
20 
20 
20 
20 
20 
20 
20 
20 
20 
20 
20 
22 
22 
22 
22 
22 
22 
22 
22 
22 
22 
22 
22 
22 
23 
23 
23 
23 
23 
23 
23 
23 
23 
23 
23 
23 
23 
23 
23 
23 
23 
23 
23 
23 
23 
23 
23 
23 
23 
23 
23 
23 
23 
23 
23 
23 
23 
23 
23 
23 
23 
23 
23 
23 
23 
23 
23 
24 
24 
24 
24 
23 
23 
23 
23 
23 
23 
23 
23 
23 
24 
24 
24 
24 
23 
23 
23 
23 
23 
23 
23 
22 
22 
22 
22 
22 
22 
23 
23 
23 
23 
22 
22 
22 
21 
21 
21 
22 
22 
22 
22 
22 
22 
22 
21 
21 
21 
21 
21 
21 
21 
21 
21 
21 
21 
21 
20 
20 
20 
20 
20 
20 
20 
20 
20 
20 
20 
20 
20 
20 
20 
20 
20 
19 
19 
19 
19 
20 
20 
20 
20 
20 
20 
20 
20 
20 
20 
20 
20 
20 
20 
20 
20 
19 
19 
19 
19 
19 
19 
19 
19 
19 
19 
19 
19 
19 
20 
20 
20 
20 
19 
19 
19 
19 
19 
19 
19 
19 
19 
19 
18 
18 
18 
19 
19 
19 
18 
18 
18 
18 
18 
18 
18 
18 
18 
18 
17 
17 
17 
17 
17 
17 
17 
17 
17 
17 
17 
17 
17 
18 
18 
18 
18 
21 
21 
21 
23 
23 
23 
23 
26 
26 
26 
30 
30 
30 
33 
33 
33 
33 
37 
37 
37 
38 
38 
38 
39 
39 
39 
39 
39 
39 
39 
39 
39 
39 
37 
37 
37 
36 
36 
36 
36 
32 
32 
32 
27 
27 
27 
20 
20 
20 
20 
13 
13 
13 
7 
7 
7 
3 
3 
3 
3 
0 
0 
0 
-4 
-4 
-4 
-7 
-7 
-7 
-12 
-12 
-12 
-12 
-14 
-14 
-14 
-17 
-17 
-17 
-18 
-18 
-18 
-18 
-20 
-20 
-20 
-21 
-21 
-21 
-21 
-21 
-21 
-21 
-22 
-22 
-22 
-22 
-22 
-22 
-22 
-21 
-21 
-21 
-21 
-21 
-21 
-21 
-21 
-21 
-23 
-23 
-23 
-23 
-23 
-23 
-23 
-24 
-24 
-24 
-24 
-24 
-24 
-26 
-26 
-26 
-26 
-27 
-27 
-27 
-28 
-28 
-28 
-28 
-30 
-30 
-30 
-30 
-30 
-30 
-32 
-32 
-32 
-35 
-35 
-35 
-35 
-35 
-35 
-35 
-38 
-38 
-38 
-39 
-39 
-39 
-40 
-40 
-40 
-40 
-40 
-40 
-40 
-43 
-43 
-43 
-43 
-44 
-44 
-44 
-45 
-45 
-45 
-46 
-46 
-46 
-46 
-47 
-47 
-47 
-48 
-48 
-48 
-50 
-50 
-50 
-49 
-49 
-49 
-49 
-51 
-51 
-51 
-53 
-53 
-53 
-54 
-54 
-54 
-55 
-55 
-55 
-55 
-56 
-56 
-56 
-57 
-57 
-57 
-57 
-59 
-59 
-59 
-61 
-61 
-61 
-63 
-63 
-63 
-63 
-65 
-65 
-65 
-67 
-67 
-67 
-70 
-70 
-70 
-70 
-73 
-73 
-73 
-73 
-73 
-73 
-74 
-74 
-74 
-74 
-74 
-74 
-74 
-74 
-74 
-74 
-74 
-74 
-74 
-74 
-74 
-74 
-74 
-74 
-74 
-74 
-74 
-74 
-74 
-74 
-74 
-74 
-74 
-74 
-74 
-74 
-74 
-74 
-74 
-74 
-74 
-74 
-74 
-74 
-74 
-74 
-74 
-74 
-74 
-74 
-74 
-74 
-74 
-74 
-74 
-74 
-73 
-73 
-73 
-73 
-73 
-73 
-73 
-73 
-73 
-73 
-73 
-73 
-73 
-73 
-73 
-73 
-73 
-73 
-73 
-73 
-73 
-73 
-73 
-73 
-73 
-73 
-73 
-73 
-73 
-73 
-73 
-73 
-73 
-73 
-73 
-73 
-73 
-73 
-73 
-73 
-73 
-73 
-73 
-73 
-73 
-73 
-73 
-73 
-73 
-73 
-73 
-73 
-73 
-73 
-73 
-73 
-73 
-73 
-73 
-73 
-73 
-73 
-73 
-73 
-73 
-73 
-73 
-73 
-73 
-73 
-73 
-73 
-73 
-73 
-73 
-73 
-73 
-73 
-73 
-73 
-73 
-73 
-73 
-73 
-73 
-73 
-73 
-73 
-73 
-73 
-73 
-73 
-73 
-73 
-73 
-73 
-73 
-73 
-73 
-73 
-73 
-73 
-73 
-73 
-73 
-73 
-73 
-73 
-73 
-73 
-73 
-73 
-73 
-73 
-73 
-73 
-73 
-73 
-73 
-73 
-73 
-73 
-73 
-73 
-73 
-73 
-73 
-73 
-73 
-73 
-73 
-73 
-73 
-73 
-73 
-73 
-73 
-73 
-73 
-73 
-73 
-73 
-73 
-73 
-73 
-73 
-73 
-73 
-73 
-73 
-73 
-73 
-73 
-73 
-73 
-73 
-73 
-73 
-73 
-73 
-73 
-73 
-73 
-73 
-73 
-73 
-73 
-73 
-73 
-73 
-73 
-73 
-73 
-73 
-73 
-73 
-73 
-73 
-73 
-73 
-73 
-73 
-73 
-73 
-73 
-73 
-73 
-73 
-73 
-73 
-73 
-73 
-73 
-73 
-73 
-73 
-73 
-73 
-73 
-73 
-73 
-73 
-73 
-73 
-73 
-73 
-73 
-73 
-73 
-73 
-73 
-73 
-73 
-73 
-73 
-73 
-73 
-73 
-73 
-73 
-73 
-73 
-73 
-73 
-73 
72 
72 
72 
72 
67 
67 
67 
62 
62 
62 
62 
55 
55 
55 
52 
52 
52 
48 
48 
48 
42 
42 
42 
42 
40 
40 
40 
35 
35 
35 
34 
34 
34 
32 
32 
32 
32 
31 
31 
31 
30 
30 
30 
30 
28 
28 
28 
28 
28 
28 
28 
30 
30 
30 
31 
31 
31 
31 
31 
31 
33 
33 
33 
33 
36 
36 
36 
37 
37 
37 
37 
38 
38 
38 
39 
39 
39 
39 
39 
39 
39 
39 
39 
39 
40 
40 
40 
40 
44 
44 
44 
44 
44 
44 
44 
44 
44 
44 
44 
44 
44 
45 
45 
45 
41 
41 
41 
42 
42 
42 
42 
42 
42 
42 
43 
43 
43 
38 
38 
38 
43 
43 
43 
41 
41 
41 
40 
40 
40 
40 
40 
40 
40 
40 
40 
40 
40 
41 
41 
41 
41 
41 
41 
41 
41 
41 
41 
41 
41 
41 
38 
38 
38 
38 
38 
38 
38 
38 
38 
38 
37 
37 
37 
37 
37 
37 
38 
38 
38 
39 
39 
39 
39 
39 
39 
39 
43 
43 
43 
43 
44 
44 
44 
49 
49 
49 
48 
48 
48 
48 
48 
48 
48 
48 
48 
48 
50 
50 
50 
46 
46 
46 
46 
45 
45 
45 
43 
43 
43 
41 
41 
41 
41 
35 
35 
35 
34 
34 
34 
29 
29 
29 
29 
26 
26 
26 
22 
22 
22 
19 
19 
19 
19 
15 
15 
15 
12 
12 
12 
10 
10 
10 
7 
7 
7 
7 
3 
3 
3 
2 
2 
2 
0 
0 
0 
0 
-2 
-2 
-2 
-1 
-1 
-1 
-2 
-2 
-2 
-2 
-4 
-4 
-4 
-6 
-6 
-6 
-4 
-4 
-4 
-4 
-4 
-4 
-4 
-4 
-4 
-4 
-5 
-5 
-5 
-5 
-5 
-5 
-5 
-5 
-5 
-5 
-6 
-6 
-6 
-6 
-6 
-6 
-6 
-6 
-6 
-6 
-8 
-8 
-8 
-8 
-6 
-6 
-6 
-5 
-5 
-5 
-9 
-9 
-9 
-9 
-9 
-9 
-9 
-9 
-9 
-9 
-9 
-9 
-9 
-8 
-8 
-8 
-8 
-9 
-9 
-9 
-9 
-9 
-9 
-9 
-9 
-9 
-9 
-9 
-9 
-9 
-9 
-9 
-9 
-9 
-9 
-9 
-9 
-11 
-11 
-11 
-8 
-8 
-8 
-5 
-5 
-5 
-5 
-4 
-4 
-4 
-4 
-4 
-4 
-4 
-4 
-4 
-4 
-5 
-5 
-5 
-5 
-5 
-5 
-8 
-8 
-8 
-9 
-9 
-9 
-9 
-10 
-10 
-10 
-13 
-13 
-13 
-15 
-15 
-15 
-15 
-17 
-17 
-17 
-21 
-21 
-21 
-25 
-25 
-25 
-25 
-29 
-29 
-29 
-34 
-34 
-34 
-38 
-38 
-38 
-41 
-41 
-41 
-41 
-45 
-45 
-45 
-48 
-48 
-48 
-51 
-51 
-51 
-51 
-55 
-55 
-55 
-58 
-58 
-58 
-62 
-62 
-62 
-62 
-62 
-62 
-62 
-62 
-62 
-62 
-62 
-62 
-62 
-62 
-62 
-62 
-62 
-62 
-62 
-62 
-62 
-62 
-62 
-62 
-62 
-62 
-62 
-62 
-62 
-62 
-62 
-62 
-62 
-62 
-62 
-62 
-62 
-62 
-62 
-62 
-62 
-62 
-62 
-62 
-62 
-62 
-62 
-62 
-62 
-62 
-62 
-62 
-62 
-62 
-62 
-62 
-62 
-62 
-62 
-62 
-62 
-62 
-62 
-62 
-62 
-62 
-62 
-62 
-62 
-62 
-62 
-62 
-62 
-62 
-62 
-62 
-62 
-62 
-62 
-62 
-62 
-62 
-62 
-62 
-62 
-62 
-62 
-62 
-62 
-62 
-62 
-62 
-62 
-62 
-62 
-62 
-62 
-62 
-62 
-62 
-62 
-62 
-62 
-62 
-62 
-62 
-62 
-62 
-62 
-62 
-62 
-62 
-62 
-62 
-62 
-62 
-62 
-62 
-62 
-62 
-62 
-62 
-62 
-61 
-61 
-61 
-61 
-61 
-61 
-61 
-61 
-61 
-61 
-61 
-61 
-61 
-61 
-61 
-61 
-61 
-61 
-61 
-61 
-61 
-61 
-61 
-61 
-61 
-61 
-61 
-61 
-61 
-61 
-61 
-61 
-61 
-61 
-61 
-61 
-61 
-61 
-61 
-61 
-61 
-61 
-61 
-61 
-61 
-61 
-61 
-61 
-61 
-61 
-61 
-61 
-61 
-61 
-61 
-61 
-61 
-61 
-61 
-61 
-61 
-61 
-61 
-61 
-61 
-61 
-61 
-61 
-61 
-61 
-61 
-61 
-61 
-61 
-61 
-61 
-61 
-61 
-61 
-61 
-61 
-61 
-61 
-61 
-61 
-61 
-61 
-61 
-61 
-61 
-61 
-61 
-61 
-61 
-61 
-61 
-61 
-61 
-61 
-61 
-61 
-61 
-61 
-61 
-61 
-61 
-61 
-61 
-61 
-61 
-61 
-61 
-61 
-61 
-61 
-61 
-61 
-61 
-61 
-61 
-61 
-61 
-61 
-61 
-61 
-61 
-61 
-61 
-61 
-61 
-61 
-61 
-61 
-61 
-61 
-61 
-61 
-61 
-61 
-61 
-61 
-61 
-61 
-61 
-61 
-61 
-61 
-61 
-61 
-61 
-61 
-61 
-61 
-61 
-61 
-61 
-61 
-61 
-61 
-61 
-61 
-61 
-61 
-61 
-61 
-61 
-61 
-61 
-61 
-61 
-61 
-61 
-61 
-61 
-61 
-61 
-61 
-61 
-61 
-61 
-61 
-61 
-61 
-61 
-61 
-61 
-61 
-61 
-61 
-61 
-61 
-61 
-61 
-61 
-61 
-61 
-61 
-61 
-61 
-61 
-61 
-61 
-61 
-61 
-61 
-61 
-61 
-61 
-61 
-61 
-61 
-61 
-61 
-61 
-61 
-61 
-61 
-61 
-61 
-61 
-61 
-61 
-61 
-61 
-61 
-62 
-62 
-62 
-62 
-62 
-62 
-62 
-62 
-62 
-62 
-62 
-62 
-62 
-62 
-62 
-62 
-62 
-62 
-62 
-62 
-61 
-61 
-61 
-61 
-61 
-61 
-61 
-61 
-61 
-61 
-61 
-61 
-61 
-61 
-61 
-61 
-61 
-61 
-61 
-61 
-61 
-61 
-61 
-61 
-61 
-61 
-61 
-61 
-61 
-61 
-61 
-61 
-61 
-61 
-61 
-61 
-61 
-61 
-61 
-61 
-61 
-61 
-61 
-61 
-61 
-61 
-61 
-61 
-61 
-61 
-61 
-61 
-61 
-61 
-61 
-61 
-61 
-61 
-61 
-61 
-61 
-61 
-61 
-61 
-61 
-61 
-61 
-61 
-61 
-61 
-61 
-61 
-61 
-61 
-61 
-61 
-61 
-61 
-61 
-61 
-61 
-61 
-61 
-61 
-61 
-61 
-61 
-61 
-61 
-61 
-61 
-61 
-61 
-61 
-61 
-61 
-61 
-61 
-61 
-61 
-61 
-61 
-61 
-61 
-61 
-61 
-61 
-61 
-61 
-61 
-61 
-61 
-61 
-61 
-61 
-61 
-61 
-61 
-61 
-61 
-61 
-61 
-61 
-61 
-61 
-61 
-61 
-61 
-61 
-61 
-61 
-61 
-61 
-61 
-61 
-61 
-61 
-61 
-61 
-61 
-61 
-61 
-61 
-61 
-61 
-61 
-61 
-61 
-61 
-61 
-61 
-61 
-61 
-61 
-61 
-61 
-61 
-61 
-61 
-61 
-61 
-61 
-61 
-61 
-61 
-61 
-61 
-61 
-61 
-61 
-61 
-61 
-61 
-61 
-61 
-61 
-61 
-61 
-61 
-61 
-61 
-61 
-61 
-61 
-61 
-61 
-61 
-61 
-61 
-61 
-61 
-61 
-61 
-61 
-61 
-61 
-61 
-61 
-61 
-61 
-61 
-61 
-61 
-61 
-61 
-61 
-61 
-61 
-61 
-61 
-61 
-61 
-61 
-61 
-61 
-61 
-61 
-61 
-61 
-61 
-61 
-61 
-61 
-61 
-61 
-61 
-61 
-61 
-61 
-62 
-62 
-62 
-62 
-62 
-62 
-62 
-62 
-62 
-62 
-62 
-62 
-62 
-62 
-62 
-62 
-62 
-62 
-62 
-62 
-62 
-62 
-62 
-62 
-62 
-62 
-62 
-62 
-62 
-62 
-62 
-62 
-62 
-62 
-62 
-62 
-62 
-62 
-62 
-62 
-62 
-62 
-62 
-62 
-62 
-62 
-62 
-62 
-62 
-62 
-62 
-62 
-62 
-62 
-62 
-62 
-62 
-62 
-62 
-62 
-62 
-62 
-62 
-62 
-62 
-62 
-62 
-62 
-62 
-62 
-62 
-62 
-62 
-62 
-62 
-62 
-62 
-62 
-62 
-62 
-62 
-62 
-62 
-62 
-62 
-62 
-62 
-62 
-62 
-62 
-62 
-62 
-62 
-62 
-62 
-62 
-62 
-62 
-62 
-62 
-62 
-62 
-62 
-62 
-62 
-62 
-62 
-62 
-62 
-62 
-62 
-62 
-62 
-62 
-62 
-62 
-62 
-62 
-62 
-62 
-62 
-62 
-17 
-17 
-17 
-17 
-17 
-17 
0 
0 
0 
0 
0 
0 
0 
7 
7 
7 
7 
7 
7 
7 
7 
43 
43 
43 
43 
43 
43 
43 
43 
43 
27 
27 
27 
27 
27 
27 
27 
27 
-58 
-58 
-58 
-58 
-58 
-58 
-58 
-58 
-58 
50 
50 
50 
50 
50 
50 
50 
50 
71 
71 
71 
71 
71 
71 
71 
71 
-33 
-33 
-33 
-33 
-33 
-33 
-33 
-33 
-31 
-31 
-31 
-31 
-31 
-31 
-31 
-31 
-23 
-23 
-23 
-23 
-23 
-23 
-23 
-27 
-27 
-27 
-27 
-27 
-27 
-27 
79 
79 
79 
79 
79 
79 
79 
79 
-26 
-26 
-26 
-26 
-26 
-26 
-26 
-29 
-29 
-29 
-29 
-29 
-29 
-29 
-29 
-46 
-46 
-46 
-46 
-46 
-46 
-46 
79 
79 
79 
79 
79 
79 
79 
79 
-31 
-31 
-31 
-31 
-31 
-31 
-31 
-31 
-36 
-36 
-36 
-36 
-36 
-36 
-36 
79 
79 
79 
79 
79 
79 
79 
79 
-39 
-39 
-39 
-39 
-39 
-39 
-39 
-27 
-27 
-27 
-27 
-27 
-27 
-27 
-27 
-31 
-31 
-31 
-31 
-31 
-31 
-31 
-31 
-49 
-49 
-49 
-49 
-49 
-49 
-49 
79 
79 
79 
79 
79 
79 
79 
79 
-31 
-31 
-31 
-31 
-31 
-31 
-31 
-31 
79 
79 
