0 
-0.27 
-0.27 
-0.045 
-0.045 
0.945 
0.945 
0.12 
0.12 
0.12 
0.12 
1.74 
1.74 
0.39 
0.39 
-1.23 
-1.23 
0.12 
0.12 
0.12 
0.12 
0.12 
1.74 
1.74 
0.39 
0.39 
0.39 
0.39 
-1.23 
-1.23 
0.12 
0.12 
0.12 
0.12 
-0.87 
-0.87 
-0.045 
-0.045 
-0.045 
-0.045 
0.855 
0.855 
0.105 
0.105 
0.105 
0.105 
1.035 
1.035 
0.26 
0.26 
0.26 
0.26 
1.04 
1.04 
0.39 
0.39 
0.39 
0.39 
-1.23 
-1.23 
0.12 
0.12 
0.12 
0.12 
0.96 
0.96 
0.26 
0.26 
0.26 
0.26 
-0.58 
-0.58 
0.12 
0.12 
0.12 
0.12 
0.96 
0.96 
0.26 
0.26 
0.26 
0.26 
-0.67 
-0.67 
0.105 
0.105 
0.105 
0.105 
1.845 
1.845 
0.395 
0.395 
0.395 
0.395 
-1.255 
-1.255 
0.12 
0.12 
0.12 
0.12 
1.74 
1.74 
0.39 
0.39 
0.39 
0.39 
-1.32 
-1.32 
0.105 
0.105 
0.105 
1.815 
1.815 
0.39 
0.39 
0.39 
0.39 
-1.2 
-1.2 
0.125 
0.125 
0.125 
0.125 
0.035 
0.035 
0.11 
0.11 
0.11 
0.11 
1.01 
1.01 
0.26 
0.26 
0.26 
0.26 
-0.58 
-0.58 
0.12 
0.12 
0.12 
0.12 
0.03 
0.03 
0.105 
0.105 
0.105 
0.105 
0.195 
0.195 
0.12 
0.12 
0.12 
0.12 
0.12 
0.12 
0.12 
0.12 
0.12 
0.12 
0.12 
0.12 
0.12 
0.12 
0.12 
0.12 
0.12 
0.12 
0.12 
0.12 
0.12 
0.12 
0.12 
0.12 
0.12 
0.12 
0.12 
0.12 
1.74 
1.74 
0.39 
0.39 
0.39 
0.39 
-1.23 
-1.23 
0.12 
0.12 
0.12 
0.12 
1.2 
1.2 
0.3 
0.3 
-0.78 
-0.78 
0.12 
0.12 
0.12 
0.12 
0.72 
0.72 
0.22 
0.22 
0.22 
0.22 
-0.5 
0.1 
0.1 
0.1 
0.1 
0.1 
0.1 
0.34 
0.34 
0.14 
0.14 
0.14 
0.14 
0.89 
0.89 
0.265 
0.265 
0.415 
0.415 
0.29 
0.29 
0.29 
0.29 
0.35 
0.35 
0.3 
0.3 
0.3 
0.3 
-0.09 
-0.09 
0.235 
0.235 
0.055 
0.055 
0.205 
0.205 
0.205 
0.205 
0.085 
0.085 
0.185 
0.185 
-0.325 
-0.325 
0.1 
0.1 
0.91 
0.91 
0.235 
0.235 
-0.515 
-0.515 
0.11 
0.11 
-2.17 
-2.17 
0.66 
0.66 
-0.115 
-0.115 
-0.475 
-0.475 
-0.175 
-0.175 
0.305 
0.305 
0.025 
0.025 
-0.075 
-0.075 
-0.195 
-0.195 
-0.035 
-0.035 
-0.085 
-0.085 
0.275 
0.275 
-0.745 
-0.745 
-0.145 
-0.025 
-0.025 
-0.125 
-0.125 
-1.385 
-1.385 
1.225 
1.225 
-0.075 
-0.075 
-1.485 
-1.485 
1.4 
1.4 
-0.025 
-0.025 
-1.375 
-1.375 
-0.16 
-0.16 
-0.235 
-0.235 
-0.235 
-0.235 
-0.175 
-0.175 
-0.225 
-0.225 
-0.045 
-0.045 
-0.285 
-0.285 
-0.21 
-0.21 
-0.12 
-0.12 
-0.165 
-0.165 
-0.19 
-0.19 
-0.1 
-0.1 
-0.115 
-0.115 
-0.165 
-0.165 
-0.045 
-0.045 
-0.145 
-0.145 
-0.025 
-0.025 
-0.125 
-0.125 
-0.095 
-0.095 
-0.12 
-0.12 
7.45058e-09 
7.45058e-09 
-0.1 
-0.1 
-0.1 
-0.1 
-0.01 
-0.01 
-0.085 
-0.085 
-0.085 
-0.085 
-0.085 
0.005 
0.005 
-0.07 
-0.07 
-0.07 
-0.07 
-0.04 
-0.04 
-0.065 
-0.065 
0.025 
0.025 
-0.05 
-0.05 
-0.05 
-0.05 
-0.08 
-0.08 
-0.055 
-0.055 
0.035 
0.035 
-0.04 
-0.04 
-0.04 
-0.04 
-0.04 
-0.04 
-0.04 
-0.04 
-0.01 
-0.01 
-0.035 
-0.035 
-0.035 
-0.035 
-0.005 
-0.005 
-0.03 
-0.03 
-0.03 
-0.03 
-0.06 
-0.06 
-0.035 
-0.035 
-0.065 
-0.065 
-0.07 
-0.07 
-0.045 
-0.045 
-0.045 
-0.045 
-0.045 
-0.045 
-0.075 
-0.075 
-0.05 
-0.05 
-0.05 
-0.05 
-0.05 
-0.05 
-0.05 
-0.05 
-0.05 
-0.05 
-0.05 
-0.02 
-0.02 
-0.045 
-0.045 
-0.015 
-0.015 
-0.04 
-0.04 
-0.04 
-0.04 
0.02 
0.02 
-0.03 
-0.03 
1.86265e-09 
1.86265e-09 
-0.025 
-0.025 
-0.025 
-0.025 
0.035 
0.035 
0.045 
0.045 
-0.005 
-0.005 
0.025 
0.025 
0 
0 
0 
0 
0.03 
0.03 
0.005 
0.005 
0.065 
0.065 
0.015 
0.015 
0.045 
0.045 
0.08 
0.08 
0.03 
0.03 
0.06 
0.06 
0.065 
0.065 
0.04 
0.04 
0.07 
0.07 
0.045 
0.045 
0.075 
0.075 
0.08 
0.055 
0.055 
0.055 
0.055 
0.085 
0.085 
0.09 
0.09 
0.065 
0.065 
0.065 
0.065 
0.065 
0.065 
0.095 
0.095 
0.1 
0.1 
0.075 
0.075 
0.075 
0.075 
0.075 
0.075 
0.075 
0.075 
0.105 
0.105 
0.08 
0.08 
0.11 
0.11 
0.115 
0.115 
0.09 
0.09 
0.12 
0.12 
0.095 
0.095 
0.095 
0.095 
0.125 
0.125 
0.1 
0.1 
0.1 
0.1 
0.1 
0.1 
0.19 
0.19 
0.115 
0.115 
0.145 
0.145 
0.15 
0.15 
0.125 
0.125 
0.125 
0.125 
0.155 
0.155 
0.13 
0.13 
0.13 
0.13 
0.13 
0.22 
0.22 
0.145 
0.145 
0.175 
0.175 
0.15 
0.15 
0.15 
0.15 
0.18 
0.18 
0.155 
0.155 
0.155 
0.155 
0.155 
0.155 
0.185 
0.185 
0.16 
0.16 
0.16 
0.16 
0.16 
0.16 
0.16 
0.16 
0.16 
0.16 
0.16 
0.16 
0.16 
0.16 
0.19 
0.19 
0.165 
0.165 
0.165 
0.165 
0.165 
0.165 
0.165 
0.165 
0.135 
0.135 
0.16 
0.16 
0.16 
0.16 
0.16 
0.16 
0.16 
0.16 
0.16 
0.16 
0.13 
0.13 
0.155 
0.155 
0.155 
0.155 
0.125 
0.125 
0.15 
0.12 
0.12 
0.145 
0.145 
0.145 
0.145 
0.145 
0.145 
0.115 
0.115 
0.14 
0.14 
0.14 
0.14 
0.11 
0.11 
0.135 
0.135 
0.135 
0.135 
0.135 
0.135 
0.105 
0.105 
0.1 
0.1 
0.125 
0.125 
0.125 
0.125 
0.125 
0.125 
0.125 
0.125 
0.095 
0.095 
0.12 
0.12 
0.12 
0.12 
0.12 
0.12 
0.12 
0.12 
0.12 
0.12 
0.12 
0.12 
0.09 
0.09 
0.115 
0.115 
0.115 
0.115 
0.085 
0.085 
0.11 
0.11 
0.11 
0.11 
0.11 
0.11 
0.11 
0.11 
0.08 
0.08 
0.105 
0.105 
0.105 
0.105 
0.105 
0.075 
0.075 
0.1 
0.1 
0.1 
0.1 
0.07 
0.07 
0.095 
0.095 
0.095 
0.095 
0.065 
0.065 
0.09 
0.09 
0.09 
0.09 
0.09 
0.09 
0.06 
0.06 
0.085 
0.085 
0.085 
0.085 
0.055 
0.055 
0.08 
0.08 
0.08 
0.08 
0.05 
0.05 
0.075 
0.075 
0.075 
0.075 
0.045 
0.045 
0.07 
0.07 
0.07 
0.07 
0.07 
0.07 
0.04 
0.04 
0.065 
0.065 
0.065 
0.065 
0.035 
0.035 
0.06 
0.06 
0.06 
0.06 
0.06 
0.06 
0.03 
0.03 
0.055 
0.055 
0.055 
0.055 
0.055 
0.055 
0.055 
0.025 
0.025 
0.05 
0.05 
0.05 
0.05 
0.02 
0.02 
0.045 
0.045 
0.045 
0.045 
0.045 
0.045 
0.015 
0.015 
0.04 
0.04 
0.04 
0.04 
0.01 
0.01 
0.035 
0.035 
0.035 
0.035 
0.035 
0.035 
0.035 
0.035 
0.005 
0.005 
0.03 
0.03 
0.03 
0.03 
-1.86265e-09 
-1.86265e-09 
0.025 
0.025 
0.025 
0.025 
-0.005 
-0.005 
0.02 
0.02 
0.02 
0.02 
0.02 
0.02 
-0.01 
-0.01 
0.015 
0.015 
0.015 
0.015 
0.015 
0.015 
0.015 
-0.015 
-0.015 
0.01 
0.01 
0.01 
0.01 
0.01 
0.01 
0.01 
0.01 
-0.02 
-0.02 
0.005 
0.005 
0.005 
0.005 
0.005 
0.005 
0.005 
0.005 
-0.025 
-0.025 
0 
0 
0 
0 
0 
0 
0 
0 
0 
0 
0 
0 
0 
0 
0 
0 
0 
0 
0 
0 
0 
0 
0 
0 
0 
0 
0 
0 
0 
0 
0 
0 
0 
0 
0 
0 
0 
0 
0 
0 
0 
0 
0 
0 
0 
0 
0 
0 
0 
0 
0 
0 
0 
0 
0 
0 
0 
0 
0 
0 
0 
0 
0 
0 
0 
0 
0 
0 
0 
0 
0 
0 
0 
0 
0 
0 
0 
0 
0 
0 
0 
0 
0 
-0.03 
-0.03 
-0.005 
-0.005 
-0.005 
-0.005 
-0.005 
-0.005 
-0.005 
-0.005 
-0.005 
-0.005 
-0.005 
-0.005 
-0.005 
-0.005 
-0.005 
-0.005 
-0.005 
-0.005 
-0.005 
-0.005 
-0.005 
-0.005 
-0.005 
-0.005 
-0.005 
-0.005 
-0.005 
-0.005 
-0.005 
0.025 
0.025 
-0.03 
-0.03 
-0.005 
-0.005 
-0.005 
-0.005 
-0.005 
-0.005 
-0.005 
-0.005 
-0.005 
-0.005 
-0.005 
-0.005 
-0.005 
-0.005 
-0.005 
-0.005 
-0.005 
-0.005 
-0.005 
-0.005 
-0.005 
-0.005 
-0.005 
-0.005 
-0.005 
-0.005 
-0.005 
-0.005 
-0.005 
-0.005 
-0.005 
-0.005 
0.025 
0.025 
0 
0 
0 
0 
0 
0 
0 
0 
0 
0 
0 
0 
0 
0 
0 
0 
0 
0 
0 
0 
0 
0 
0 
0 
0 
0.03 
0.03 
0.005 
0.005 
0.005 
0.005 
0.005 
0.005 
0.005 
0.005 
0.005 
0.005 
0.005 
0.005 
0.005 
0.005 
0.005 
0.005 
0.005 
0.005 
0.005 
0.005 
0.005 
0.005 
0.005 
0.005 
0.005 
0.005 
0.005 
0.005 
0.005 
0.005 
-0.025 
-0.025 
0 
0 
0.03 
0.03 
-0.025 
-0.025 
0 
0 
0 
0 
0 
0 
0 
0 
0 
0 
0 
0 
0 
0 
0 
0 
0 
0 
0.03 
0.03 
0.005 
0.005 
0.005 
0.005 
0.005 
0.005 
0.005 
0.005 
0.005 
0.005 
0.005 
0.005 
0.005 
0.005 
0.005 
0.005 
0.005 
0.035 
0.035 
0.01 
0.01 
0.01 
0.01 
0.01 
0.01 
0.01 
0.01 
0.01 
0.01 
0.01 
0.01 
0.01 
0.01 
0.01 
0.01 
0.01 
0.01 
0.01 
0.01 
0.01 
0.01 
0.01 
0.01 
0.01 
0.01 
0.01 
0.01 
0.01 
0.01 
0.01 
0.01 
0.01 
0.01 
0.01 
0.01 
0.01 
0.01 
-0.02 
-0.02 
0.005 
0.005 
0.005 
0.005 
0.005 
0.005 
0.005 
0.005 
0.035 
0.035 
0.01 
0.01 
0.01 
0.01 
0.01 
0.01 
0.01 
0.01 
0.01 
0.01 
0.01 
0.01 
0.01 
0.01 
0.01 
0.01 
0.01 
0.01 
0.01 
0.04 
0.04 
0.015 
0.015 
0.015 
0.015 
0.045 
0.045 
0.02 
0.02 
-0.01 
-0.01 
0.045 
0.045 
0.02 
0.02 
0.02 
0.02 
0.05 
0.05 
0.025 
0.025 
0.025 
0.025 
0.025 
0.025 
0.025 
0.025 
0.025 
0.025 
0.025 
0.025 
0.025 
0.025 
0.025 
0.025 
0.055 
0.055 
0.03 
0.03 
0.03 
0.03 
0.03 
0.03 
0.03 
0.03 
-1.86265e-09 
-1.86265e-09 
0.025 
0.025 
0.025 
0.025 
0.025 
0.025 
0.025 
0.025 
0.025 
0.025 
0.025 
0.025 
0.025 
-0.005 
-0.005 
0.02 
0.02 
0.02 
0.02 
0.02 
0.02 
0.02 
0.02 
0.05 
0.05 
0.025 
0.025 
-0.005 
-0.005 
0.02 
0.02 
-0.01 
-0.01 
0.045 
0.045 
0.02 
0.02 
-0.01 
-0.01 
0.015 
0.015 
-0.015 
-0.015 
0.04 
0.04 
0.015 
0.015 
-0.015 
-0.015 
0.01 
0.01 
-0.02 
-0.02 
0.005 
0.005 
0.005 
0.005 
0.035 
0.035 
-0.02 
-0.02 
0.005 
0.005 
0.005 
0.005 
0.005 
0.005 
-0.025 
-0.025 
0 
0 
0 
0 
0.03 
0.03 
0.005 
0.005 
-0.025 
0 
0 
0 
0 
0 
0 
0 
0 
0.03 
0.03 
0.005 
0.005 
0.005 
0.005 
0.005 
0.005 
0.005 
0.005 
0.005 
0.005 
0.005 
0.005 
0.005 
0.005 
0.005 
0.005 
0.005 
0.005 
0.005 
0.005 
0.005 
0.005 
0.005 
0.005 
0.005 
0.005 
0.005 
0.005 
0.005 
0.005 
0.005 
0.005 
0.005 
0.005 
0.005 
0.005 
0.005 
0.005 
0.005 
0.005 
0.005 
0.005 
0.005 
0.005 
0.005 
0.005 
0.005 
0.005 
0.005 
0.005 
0.005 
0.005 
0.005 
0.005 
0.005 
0.005 
0.005 
0.005 
0.005 
0.005 
0.005 
-0.025 
-0.025 
0 
0 
0 
0 
0 
0 
0 
0 
0 
0 
0 
0 
0 
0 
0 
0 
0 
0 
0 
0 
0 
0 
0 
0 
0.03 
0.03 
0.005 
0.005 
0.005 
0.005 
0.005 
0.005 
0.005 
0.005 
0.035 
0.035 
0.01 
0.01 
-0.02 
-0.02 
0.005 
0.005 
0.035 
0.035 
0.01 
0.01 
0.01 
0.01 
0.04 
0.04 
0.015 
0.015 
0.015 
0.015 
0.015 
0.015 
0.015 
0.015 
0.015 
0.015 
0.015 
0.015 
0.015 
0.015 
0.015 
0.015 
0.015 
0.015 
0.015 
0.015 
0.015 
0.015 
0.015 
0.015 
0.015 
0.015 
0.015 
0.045 
0.045 
0.02 
0.02 
0.02 
0.02 
0.02 
0.02 
0.02 
0.02 
0.02 
0.02 
0.02 
0.02 
0.02 
0.02 
0.02 
0.02 
0.02 
0.02 
0.05 
0.05 
0.025 
0.025 
0.025 
0.025 
0.025 
0.025 
0.055 
0.055 
-1.86265e-09 
-1.86265e-09 
0.025 
0.025 
0.025 
0.025 
0.025 
0.025 
0.025 
0.025 
-0.005 
-0.005 
0.02 
0.02 
-0.01 
-0.01 
-0.045 
-0.045 
0.005 
0.005 
0.005 
-0.055 
-0.055 
-0.095 
-0.095 
-0.02 
-0.02 
0.01 
0.01 
0.045 
0.045 
-0.005 
-0.005 
-0.005 
-0.005 
-0.065 
-0.065 
-0.015 
-0.015 
-0.075 
-0.075 
-0.025 
-0.025 
-0.055 
-0.055 
-0.09 
-0.09 
-0.04 
-0.04 
-0.04 
-0.04 
-0.04 
-0.04 
-0.07 
-0.07 
-0.045 
-0.045 
-0.045 
-0.045 
-0.075 
-0.075 
-0.05 
-0.05 
-0.08 
-0.08 
-0.085 
-0.085 
-0.06 
-0.06 
-0.06 
-0.06 
-0.06 
-0.06 
-0.09 
-0.09 
-0.035 
-0.035 
-0.06 
-0.06 
-0.09 
-0.09 
-0.065 
-0.065 
-0.065 
-0.065 
-0.095 
-0.095 
-0.07 
-0.07 
-0.1 
-0.105 
-0.105 
-0.08 
-0.08 
-0.08 
-0.08 
-0.08 
-0.08 
-0.08 
-0.08 
-0.08 
-0.08 
-0.11 
-0.11 
-0.085 
-0.085 
-0.085 
-0.085 
-0.115 
-0.115 
-0.09 
-0.09 
-0.12 
-0.12 
-0.095 
-0.095 
-0.095 
-0.095 
-0.125 
-0.125 
-0.1 
-0.1 
-0.1 
-0.1 
-0.1 
-0.1 
-0.13 
-0.13 
-0.135 
-0.135 
-0.11 
-0.11 
