0 
2.184 
2.184 
0.234 
0.234 
0.234 
0.234 
-1.894 
-1.894 
0.006 
0.006 
0.006 
0.006 
0.006 
0.006 
0.006 
0.006 
0.006 
0.006 
-0.19 
-0.19 
-0.015 
-0.015 
-0.015 
-0.015 
-0.015 
-0.015 
0.181 
0.181 
0.006 
0.006 
0.006 
0.006 
-0.19 
-0.19 
-0.015 
-0.015 
-0.015 
-0.015 
0.209 
0.209 
0.009 
0.009 
0.009 
0.009 
0.009 
2.109 
2.109 
0.234 
0.234 
0.234 
0.234 
-1.95 
-1.95 
0 
0 
0 
0 
2.184 
2.184 
0.234 
0.234 
0.234 
0.234 
-1.95 
-1.95 
0 
0 
0 
0 
0 
0 
0 
0 
0 
0 
0 
0 
0.056 
0.056 
0.006 
0.006 
0.006 
0.006 
0.034 
0.034 
0.009 
0.009 
0.009 
0.009 
0.009 
0.009 
0.009 
0.009 
0.009 
0.009 
0.009 
0.009 
-0.019 
-0.019 
0.006 
0.006 
0.006 
0.006 
-0.078 
-0.078 
-0.003 
-0.003 
-0.003 
-0.003 
-0.115 
-0.115 
-0.015 
-0.015 
-0.015 
-0.015 
0.209 
0.209 
0.009 
0.009 
0.009 
0.009 
-0.075 
-0.075 
0 
0 
0 
0 
-0.028 
-0.028 
-0.003 
-0.003 
-0.003 
-0.003 
-0.003 
-0.003 
-0.115 
-0.115 
-0.015 
-0.015 
-0.015 
-0.015 
0.125 
0.125 
0 
0 
0 
0 
0.084 
0.084 
0.009 
0.009 
0.009 
0.009 
0.009 
-0.075 
-0.075 
0 
0 
0 
0 
0 
0 
0 
0 
0 
0 
-0.14 
-0.14 
-0.015 
-0.015 
-0.015 
-0.015 
0.125 
0.125 
0 
0 
0 
0 
0 
0 
0 
0 
0 
0 
0.056 
0.056 
0.006 
0.006 
0.006 
0.006 
-0.778 
-0.778 
-0.078 
-0.078 
-0.078 
-0.078 
-0.078 
-0.078 
0.79 
0.79 
0.015 
0.015 
0.015 
0.015 
-0.041 
-0.041 
0.009 
0.009 
0.009 
0.009 
-0.075 
-0.075 
0 
0 
0 
0 
0.196 
0.196 
0.021 
0.021 
0.021 
0.021 
0.301 
0.301 
0.051 
0.051 
-0.033 
-0.033 
0.042 
0.042 
0.042 
0.042 
0.182 
0.182 
0.057 
0.057 
0.057 
0.057 
1.737 
1.737 
0.237 
0.237 
-1.051 
-1.051 
0.099 
0.099 
0.295 
0.295 
0.12 
0.12 
0.12 
0.12 
1.212 
1.212 
0.237 
0.237 
0.237 
0.237 
0.237 
0.237 
-0.239 
-0.239 
0.186 
0.186 
-0.514 
0.111 
0.111 
-0.169 
-0.169 
0.081 
0.081 
-0.031 
-0.031 
0.153 
0.153 
0.078 
0.078 
-2.274 
-2.274 
-0.174 
-0.174 
3.186 
3.186 
-0.122 
-0.122 
0.153 
0.153 
-0.211 
-0.211 
0.114 
0.114 
0.478 
0.478 
0.153 
0.153 
0.153 
0.153 
0.153 
0.153 
0.153 
0.153 
0.153 
0.153 
0.153 
0.153 
0.153 
0.153 
0.153 
0.153 
0.153 
0.153 
0.153 
0.153 
0.153 
0.153 
0.153 
0.153 
-2.843 
-2.843 
-0.168 
-0.168 
-0.028 
-0.028 
-0.125 
-0.125 
-0.15 
-0.15 
-0.094 
-0.094 
-0.144 
-0.144 
-0.172 
-0.172 
-0.091 
-0.091 
-0.141 
-0.141 
-0.001 
-0.001 
-0.182 
-0.182 
-0.132 
-0.132 
-0.02 
-0.02 
-0.12 
-0.12 
-0.092 
-0.092 
-0.061 
-0.061 
-0.111 
-0.111 
-0.083 
-0.083 
-0.108 
-0.108 
-0.08 
-0.08 
-0.049 
-0.049 
-0.099 
-0.099 
-0.127 
-0.127 
-0.102 
-0.102 
0.01 
0.01 
-0.062 
-0.062 
-0.087 
-0.087 
-0.115 
-0.115 
-0.09 
-0.09 
-0.006 
-0.006 
-0.109 
-0.084 
-0.084 
-0.056 
-0.056 
-0.081 
-0.081 
-0.025 
-0.025 
-0.075 
-0.075 
-0.075 
-0.075 
-0.075 
-0.075 
-0.075 
-0.075 
-0.075 
-0.075 
-0.075 
-0.075 
-0.103 
-0.103 
-0.078 
-0.078 
-0.05 
-0.05 
-0.047 
-0.047 
-0.072 
-0.072 
-0.1 
-0.1 
-0.047 
-0.047 
-0.072 
-0.072 
-0.072 
-0.072 
-0.072 
-0.072 
-0.072 
-0.072 
-0.044 
-0.044 
-0.069 
-0.069 
-0.041 
-0.041 
-0.066 
-0.066 
-0.038 
-0.038 
-0.035 
-0.035 
-0.06 
-0.06 
-0.032 
-0.032 
-0.057 
-0.057 
-0.029 
-0.029 
-0.026 
-0.026 
-0.051 
-0.051 
-0.023 
-0.023 
-0.048 
-0.048 
-0.02 
-0.02 
-0.017 
-0.017 
-0.042 
-0.042 
-0.014 
-0.014 
-0.039 
-0.039 
-0.011 
-0.011 
-0.008 
-0.008 
-0.033 
-0.033 
-0.005 
-0.005 
-0.002 
-0.002 
-0.027 
-0.027 
0.029 
0.029 
-0.021 
-0.021 
-0.021 
-0.021 
-0.021 
-0.021 
0.007 
0.007 
-0.018 
-0.018 
-0.018 
-0.018 
0.01 
0.01 
-0.015 
-0.015 
0.013 
0.013 
0.016 
0.016 
-0.009 
-0.009 
-0.037 
-0.012 
-0.012 
0.044 
0.044 
-0.006 
-0.006 
-0.006 
-0.006 
-0.034 
-0.034 
-0.009 
-0.009 
0.019 
0.019 
-0.006 
-0.006 
-0.006 
-0.006 
0.05 
0.05 
0 
0 
0 
0 
0 
0 
0 
0 
0 
0 
0 
0 
0.028 
0.028 
0.003 
0.003 
0.003 
0.003 
0.031 
0.031 
0.006 
0.006 
0.034 
0.034 
0.009 
0.009 
0.009 
0.009 
0.009 
0.009 
0.009 
0.009 
0.037 
0.037 
0.04 
0.04 
0.015 
0.015 
0.015 
0.015 
0.015 
0.015 
0.043 
0.043 
0.018 
0.018 
0.018 
0.018 
0.046 
0.046 
0.021 
0.021 
0.049 
0.049 
0.024 
0.024 
0.024 
0.024 
0.024 
0.024 
0.024 
0.024 
0.024 
0.024 
0.052 
0.052 
0.027 
0.027 
-0.001 
-0.001 
0.024 
0.024 
0.052 
0.052 
0.055 
0.055 
0.03 
0.03 
0.002 
0.002 
0.027 
0.027 
0.027 
0.027 
0.055 
0.055 
0.03 
0.03 
0.058 
0.033 
0.033 
0.005 
0.005 
0.03 
0.03 
0.058 
0.058 
0.033 
0.033 
0.061 
0.061 
0.008 
0.008 
0.033 
0.033 
0.089 
0.089 
0.011 
0.011 
0.036 
0.036 
0.036 
0.036 
0.036 
0.036 
0.064 
0.064 
0.067 
0.067 
0.042 
0.042 
0.042 
0.042 
0.042 
0.042 
0.098 
0.098 
0.02 
0.02 
0.045 
0.045 
0.073 
0.073 
0.048 
0.048 
0.048 
0.048 
0.076 
0.076 
0.051 
0.051 
0.051 
0.051 
0.051 
0.051 
0.079 
0.079 
0.026 
0.026 
0.051 
0.051 
0.051 
0.051 
0.051 
0.051 
0.079 
0.079 
0.026 
0.026 
0.051 
0.051 
0.023 
0.023 
0.048 
0.048 
0.048 
0.048 
0.048 
0.048 
0.048 
0.048 
0.076 
0.076 
0.051 
0.051 
0.023 
0.023 
0.02 
0.02 
0.045 
0.045 
0.045 
0.045 
0.045 
0.045 
0.101 
0.101 
0.023 
0.023 
0.048 
0.048 
0.048 
0.048 
0.048 
0.048 
0.048 
0.048 
0.048 
0.048 
0.048 
0.076 
0.076 
0.051 
0.051 
0.051 
0.051 
0.051 
0.051 
0.051 
0.051 
0.051 
0.051 
0.079 
0.079 
0.026 
0.026 
0.051 
0.051 
0.079 
0.079 
0.026 
0.026 
0.051 
0.051 
0.023 
0.023 
0.048 
0.048 
0.048 
0.048 
0.048 
0.048 
0.048 
0.048 
0.02 
0.02 
0.045 
0.045 
0.045 
0.045 
0.045 
0.045 
0.045 
0.045 
0.017 
0.017 
0.042 
0.042 
0.042 
0.042 
0.042 
0.042 
0.042 
0.042 
0.042 
0.042 
0.042 
0.042 
0.042 
0.042 
0.042 
0.042 
0.042 
0.042 
0.042 
0.042 
0.042 
0.042 
0.042 
0.042 
0.042 
0.042 
0.042 
0.042 
0.07 
0.07 
0.017 
0.017 
0.042 
0.042 
0.07 
0.07 
0.045 
0.045 
0.045 
0.045 
0.045 
0.045 
0.045 
0.045 
0.045 
0.045 
0.045 
0.045 
0.045 
0.045 
0.045 
0.045 
0.045 
0.045 
0.045 
0.045 
0.045 
0.045 
0.045 
0.045 
0.045 
0.045 
0.045 
0.045 
0.045 
0.045 
0.045 
0.017 
0.017 
0.042 
0.042 
0.042 
0.042 
0.042 
0.042 
0.07 
0.07 
0.045 
0.045 
0.045 
0.045 
0.017 
0.017 
0.042 
0.042 
0.042 
0.042 
0.042 
0.042 
0.042 
0.042 
0.014 
0.014 
0.039 
0.039 
0.039 
0.039 
0.039 
0.039 
0.039 
0.039 
0.011 
0.011 
0.036 
0.036 
0.036 
0.036 
0.008 
0.008 
0.033 
0.033 
0.033 
0.033 
0.005 
0.005 
0.03 
0.03 
0.03 
0.03 
0.03 
0.03 
0.002 
0.002 
0.027 
0.027 
0.027 
0.027 
0.027 
0.027 
0.027 
0.027 
-0.001 
-0.001 
0.024 
0.024 
-0.004 
-0.004 
0.021 
0.021 
0.021 
0.021 
0.021 
0.021 
0.021 
0.021 
0.021 
0.021 
0.021 
0.021 
0.021 
0.021 
0.021 
0.021 
0.021 
0.021 
0.021 
0.021 
0.021 
0.021 
0.021 
0.021 
0.049 
0.049 
0.024 
0.024 
0.024 
0.024 
0.024 
0.024 
0.024 
0.024 
0.024 
0.024 
-0.004 
0.021 
0.021 
0.021 
0.021 
0.021 
0.021 
0.049 
0.049 
0.024 
0.024 
-0.004 
-0.004 
-0.007 
-0.007 
0.018 
0.018 
0.018 
0.018 
0.018 
0.018 
0.018 
0.018 
-0.01 
-0.01 
0.015 
0.015 
0.015 
0.015 
0.015 
0.015 
-0.013 
-0.013 
-0.016 
-0.016 
0.009 
0.009 
0.037 
0.037 
0.012 
0.012 
-0.016 
-0.016 
-0.019 
-0.019 
0.006 
0.006 
0.006 
0.006 
0.006 
0.006 
0.006 
0.006 
-0.022 
-0.022 
0.003 
0.003 
0.003 
0.003 
0.003 
0.003 
0.031 
0.031 
-0.022 
-0.022 
0.003 
0.003 
-0.025 
-0.025 
0 
0 
0 
0 
0 
0 
0 
0 
0 
0 
0 
0 
0 
0 
0 
0 
0 
0 
0 
0 
0 
0 
0 
0 
0 
0 
0 
0 
0 
0 
0 
0 
0 
0 
0 
0 
0 
0 
-0.028 
-0.028 
-0.003 
-0.003 
-0.003 
-0.003 
-0.003 
-0.003 
-0.003 
-0.031 
-0.031 
-0.006 
-0.006 
-0.006 
-0.006 
-0.034 
-0.034 
-0.009 
-0.009 
-0.009 
-0.009 
-0.009 
-0.009 
-0.009 
-0.009 
-0.009 
-0.009 
-0.009 
-0.009 
-0.009 
-0.009 
-0.009 
-0.009 
-0.009 
-0.009 
-0.009 
-0.009 
-0.009 
-0.009 
-0.009 
-0.009 
-0.009 
-0.009 
-0.009 
-0.009 
-0.009 
-0.009 
-0.009 
-0.009 
-0.009 
-0.009 
-0.009 
-0.009 
-0.009 
-0.009 
-0.037 
-0.037 
-0.012 
-0.012 
-0.012 
-0.012 
-0.012 
-0.012 
-0.012 
-0.012 
-0.012 
-0.012 
-0.012 
-0.012 
-0.04 
-0.04 
-0.015 
-0.015 
-0.015 
-0.015 
-0.015 
-0.015 
-0.015 
-0.015 
-0.015 
-0.015 
-0.015 
-0.015 
-0.043 
-0.043 
0.01 
0.01 
-0.015 
-0.015 
-0.043 
-0.043 
-0.018 
-0.018 
-0.018 
-0.018 
-0.018 
-0.018 
-0.018 
-0.018 
-0.018 
-0.018 
-0.018 
-0.018 
-0.018 
-0.018 
-0.018 
-0.018 
-0.018 
-0.018 
-0.018 
-0.018 
-0.018 
-0.018 
-0.046 
-0.046 
0.007 
0.007 
-0.018 
-0.018 
-0.018 
-0.018 
-0.018 
-0.046 
-0.046 
-0.021 
-0.021 
-0.021 
-0.021 
-0.021 
-0.021 
-0.021 
-0.021 
-0.021 
-0.021 
-0.021 
-0.021 
-0.021 
-0.021 
-0.021 
-0.021 
-0.021 
-0.021 
-0.049 
-0.049 
-0.024 
-0.024 
-0.024 
-0.024 
-0.024 
-0.024 
0.004 
0.004 
-0.021 
-0.021 
-0.021 
-0.021 
-0.021 
-0.021 
-0.021 
-0.021 
-0.021 
-0.021 
-0.021 
-0.021 
-0.021 
-0.021 
-0.021 
-0.021 
-0.021 
-0.021 
-0.021 
-0.021 
-0.021 
-0.021 
-0.021 
-0.021 
-0.021 
-0.021 
-0.021 
-0.021 
-0.021 
-0.021 
-0.021 
-0.021 
-0.021 
-0.021 
-0.021 
-0.021 
0.007 
0.007 
-0.018 
-0.018 
-0.018 
-0.018 
-0.018 
-0.018 
-0.018 
-0.018 
-0.018 
-0.018 
-0.018 
-0.018 
-0.018 
-0.018 
-0.018 
-0.018 
-0.018 
-0.018 
-0.018 
-0.018 
-0.018 
-0.018 
-0.018 
-0.018 
-0.018 
-0.018 
-0.018 
-0.018 
-0.018 
-0.018 
-0.018 
-0.018 
-0.018 
-0.018 
-0.018 
-0.018 
-0.018 
-0.018 
-0.018 
-0.018 
-0.018 
-0.018 
-0.018 
-0.018 
-0.018 
-0.018 
-0.018 
-0.018 
-0.018 
-0.018 
-0.018 
-0.018 
-0.018 
-0.018 
-0.018 
-0.018 
-0.018 
-0.018 
-0.018 
-0.018 
-0.018 
-0.046 
-0.046 
-0.021 
-0.021 
-0.021 
-0.021 
-0.021 
-0.021 
-0.021 
-0.021 
-0.021 
-0.021 
-0.021 
-0.021 
-0.021 
-0.021 
-0.021 
-0.021 
-0.021 
-0.021 
-0.021 
-0.021 
-0.021 
-0.021 
0.007 
0.007 
-0.046 
-0.046 
-0.021 
-0.021 
0.007 
0.007 
-0.018 
-0.018 
-0.018 
-0.018 
-0.018 
-0.018 
-0.018 
-0.018 
-0.018 
-0.018 
-0.018 
-0.018 
-0.018 
-0.018 
-0.018 
-0.018 
-0.018 
-0.018 
0.01 
0.01 
-0.015 
-0.015 
-0.015 
-0.015 
-0.015 
-0.015 
-0.015 
-0.015 
-0.015 
-0.015 
-0.015 
-0.015 
-0.015 
-0.015 
-0.015 
-0.015 
-0.015 
-0.015 
-0.015 
-0.015 
-0.015 
-0.015 
-0.015 
-0.015 
-0.015 
-0.015 
-0.015 
-0.015 
-0.015 
-0.015 
-0.015 
-0.015 
-0.015 
-0.015 
-0.015 
-0.015 
-0.015 
0.013 
0.013 
-0.012 
-0.012 
-0.012 
-0.012 
-0.012 
-0.012 
-0.012 
-0.012 
0.016 
0.016 
-0.009 
-0.009 
-0.009 
-0.009 
-0.009 
-0.009 
-0.009 
-0.009 
0.019 
0.019 
-0.006 
-0.006 
0.022 
0.022 
-0.003 
-0.003 
-0.003 
-0.003 
0.025 
0.025 
0 
0 
0 
0 
0 
0 
0 
0 
0 
0 
0 
0 
0 
0 
0 
0 
0 
0 
0 
0 
0 
0 
0 
0 
0 
0 
0.028 
0.028 
0.003 
0.003 
0.003 
0.003 
0.003 
0.003 
0.003 
0.003 
0.003 
0.003 
0.031 
0.031 
0.006 
0.006 
0.006 
0.006 
0.006 
0.006 
0.006 
0.006 
0.006 
0.006 
0.006 
0.006 
0.006 
0.006 
0.006 
0.006 
0.006 
0.006 
0.034 
0.034 
0.009 
0.009 
0.009 
0.009 
0.009 
0.009 
0.009 
0.009 
0.009 
0.009 
0.009 
0.009 
0.009 
0.009 
0.009 
0.009 
0.009 
0.009 
0.009 
0.037 
0.037 
0.012 
0.012 
0.012 
0.012 
0.012 
0.012 
0.012 
0.012 
0.012 
0.012 
0.012 
0.012 
0.012 
0.012 
0.012 
0.012 
0.012 
0.012 
0.04 
0.04 
0.015 
0.015 
0.015 
0.015 
0.015 
0.015 
0.015 
0.015 
0.015 
0.015 
0.015 
0.015 
0.015 
0.015 
0.015 
0.015 
0.015 
0.015 
0.015 
0.015 
0.015 
0.015 
0.015 
0.015 
0.015 
0.015 
0.015 
0.015 
0.015 
0.015 
0.015 
0.015 
0.015 
0.015 
0.043 
0.043 
0.018 
0.018 
0.018 
0.018 
0.018 
0.018 
0.018 
0.018 
0.018 
0.018 
0.018 
0.018 
0.018 
0.018 
0.018 
0.018 
0.018 
0.018 
0.018 
0.018 
0.018 
0.018 
0.018 
0.018 
0.018 
0.018 
0.018 
0.018 
-0.01 
-0.01 
0.015 
0.015 
0.015 
0.015 
-0.013 
-0.013 
0.012 
0.012 
0.012 
0.012 
0.012 
0.012 
-0.016 
0.009 
0.009 
0.009 
0.009 
-0.019 
-0.019 
0.006 
0.006 
-0.022 
-0.022 
0.003 
0.003 
0.003 
0.003 
-0.025 
-0.025 
0 
0 
0 
0 
0 
0 
0 
0 
0 
0 
0 
0 
0 
0 
0 
0 
0 
0 
0 
0 
0 
0 
0 
0 
0 
0 
0 
0 
0 
0 
0 
0 
0 
0 
0 
0 
0 
0 
0 
0 
0 
0 
0 
0 
0 
0 
0 
0 
0 
0 
0 
0 
0 
0 
0 
0 
0 
0 
0 
0 
0 
0 
0 
0 
-0.028 
-0.028 
-0.003 
-0.003 
-0.003 
-0.003 
-0.003 
-0.003 
-0.003 
-0.003 
-0.003 
-0.003 
-0.003 
-0.003 
-0.031 
-0.031 
-0.006 
-0.006 
-0.006 
-0.006 
-0.006 
-0.006 
-0.006 
-0.006 
-0.006 
-0.006 
-0.006 
-0.006 
-0.006 
-0.006 
-0.034 
-0.009 
-0.009 
-0.009 
-0.009 
-0.009 
-0.009 
-0.009 
-0.009 
-0.009 
-0.009 
-0.009 
-0.009 
-0.009 
-0.009 
-0.009 
-0.009 
-0.009 
-0.009 
-0.009 
-0.009 
-0.009 
-0.009 
-0.009 
-0.009 
-0.009 
-0.009 
-0.009 
-0.009 
-0.009 
-0.009 
-0.009 
-0.009 
-0.009 
-0.009 
-0.009 
-0.009 
-0.009 
-0.009 
-0.009 
-0.009 
-0.009 
-0.009 
0.019 
0.019 
-0.006 
-0.006 
-0.034 
-0.034 
-0.009 
-0.009 
0.019 
0.019 
-0.006 
-0.006 
-0.006 
-0.006 
-0.006 
-0.006 
-0.006 
-0.006 
-0.006 
-0.006 
-0.006 
-0.006 
-0.006 
-0.006 
-0.006 
-0.006 
-0.006 
-0.006 
0.022 
0.022 
-0.003 
-0.003 
-0.003 
-0.003 
-0.003 
-0.003 
-0.003 
-0.003 
-0.003 
-0.003 
-0.003 
-0.003 
-0.003 
-0.003 
-0.003 
-0.003 
-0.003 
-0.003 
-0.003 
-0.003 
-0.003 
-0.003 
-0.003 
-0.003 
-0.003 
-0.003 
-0.003 
-0.003 
-0.003 
-0.003 
0.025 
0.025 
0 
0 
0 
0 
0 
0 
0 
0 
0 
0 
0 
0 
0 
0 
0 
0 
0 
0 
0 
0 
0 
0 
0 
0 
0 
0 
0 
0 
0 
0 
0 
0 
0 
0 
0 
0 
0 
0 
0 
0 
0 
0 
0 
0 
0 
0 
0 
-0.028 
-0.028 
-0.003 
-0.003 
-0.003 
-0.003 
-0.003 
-0.003 
-0.003 
-0.003 
-0.031 
-0.031 
-0.006 
-0.006 
-0.006 
-0.006 
-0.006 
-0.006 
-0.034 
-0.034 
-0.009 
-0.009 
-0.009 
-0.009 
-0.009 
-0.009 
-0.009 
-0.009 
-0.009 
-0.009 
-0.037 
-0.037 
-0.012 
-0.012 
-0.012 
-0.012 
-0.012 
-0.012 
-0.012 
-0.012 
-0.012 
-0.012 
-0.012 
-0.012 
-0.012 
-0.012 
-0.012 
-0.012 
-0.012 
-0.012 
-0.012 
-0.012 
-0.012 
-0.012 
-0.012 
-0.012 
-0.012 
-0.012 
-0.012 
-0.012 
-0.012 
-0.012 
-0.012 
-0.012 
-0.04 
-0.015 
-0.015 
-0.015 
-0.015 
-0.015 
-0.015 
-0.015 
-0.015 
-0.015 
-0.015 
-0.015 
-0.015 
-0.015 
-0.015 
-0.015 
-0.015 
-0.015 
-0.015 
-0.015 
-0.015 
-0.015 
-0.015 
-0.015 
-0.015 
-0.015 
-0.015 
-0.015 
-0.015 
-0.015 
-0.015 
-0.015 
-0.015 
-0.015 
-0.015 
-0.015 
-0.015 
-0.015 
-0.015 
0.013 
0.013 
-0.012 
-0.012 
-0.012 
-0.012 
-0.012 
-0.012 
-0.012 
-0.012 
-0.012 
-0.012 
-0.012 
-0.012 
-0.012 
-0.012 
-0.012 
-0.012 
-0.012 
-0.012 
-0.012 
-0.012 
-0.012 
-0.012 
-0.012 
-0.012 
-0.012 
-0.012 
-0.012 
-0.012 
-0.012 
-0.012 
-0.012 
-0.012 
-0.012 
-0.012 
-0.012 
-0.012 
-0.012 
-0.012 
-0.012 
-0.012 
-0.012 
-0.012 
-0.012 
-0.012 
-0.012 
-0.012 
-0.012 
-0.012 
-0.012 
-0.012 
-0.012 
-0.012 
-0.012 
-0.012 
-0.012 
-0.012 
-0.012 
-0.012 
-0.012 
-0.012 
-0.012 
-0.012 
-0.012 
-0.012 
-0.012 
-0.012 
-0.012 
-0.012 
-0.012 
-0.012 
-0.012 
-0.012 
-0.012 
-0.012 
-0.012 
0.016 
0.016 
-0.009 
-0.009 
-0.009 
-0.009 
0.019 
0.019 
-0.006 
-0.006 
-0.006 
-0.006 
-0.006 
-0.006 
0.022 
0.022 
-0.003 
-0.003 
-0.003 
-0.003 
0.025 
0.025 
0 
0 
0 
0 
0 
0 
0 
0 
0 
0 
0 
0 
0 
0 
0 
0 
0 
0 
0 
0 
0 
0 
0 
0 
0 
0 
0 
0 
0 
0 
0 
0 
0 
0 
0 
0 
0 
0 
0 
0 
0 
0 
0 
0 
0 
0 
0 
0 
-0.028 
-0.028 
-0.003 
-0.003 
-0.003 
-0.003 
-0.003 
-0.003 
-0.003 
-0.003 
-0.003 
-0.003 
-0.003 
-0.003 
-0.003 
-0.003 
-0.003 
-0.003 
-0.003 
-0.003 
-0.003 
-0.003 
-0.003 
-0.003 
-0.003 
-0.003 
-0.003 
-0.003 
-0.003 
-0.003 
0.025 
0.025 
0 
0 
0 
0 
0 
0 
0 
0 
0 
0 
0 
0 
0 
0 
0 
0 
0 
0 
0 
0 
0 
0 
0 
0 
0 
0 
0 
0 
0 
0 
0 
0 
0 
0 
0 
0 
0 
0 
0 
0 
0 
0 
0 
0 
0 
0 
0 
0 
0 
0 
0 
0 
0 
0 
0 
0 
0 
0 
0 
0 
0 
0 
0 
0 
0 
0 
0 
0 
0 
0 
0 
0 
0 
0 
0 
0 
0 
-0.028 
-0.028 
-0.003 
-0.003 
-0.003 
-0.003 
-0.031 
-0.031 
-0.006 
-0.006 
-0.006 
-0.006 
-0.006 
-0.006 
-0.006 
-0.006 
-0.034 
-0.034 
-0.009 
-0.009 
-0.009 
-0.009 
-0.009 
-0.009 
-0.009 
-0.009 
-0.009 
-0.009 
-0.009 
-0.009 
-0.009 
-0.009 
-0.009 
-0.009 
-0.009 
-0.009 
-0.009 
-0.009 
-0.009 
-0.009 
-0.009 
-0.009 
-0.009 
-0.009 
-0.009 
-0.009 
-0.009 
-0.009 
-0.009 
-0.009 
-0.009 
-0.009 
-0.009 
0.019 
0.019 
-0.006 
-0.006 
-0.006 
-0.006 
-0.006 
-0.006 
-0.006 
-0.006 
-0.006 
-0.006 
-0.006 
-0.006 
-0.006 
-0.006 
-0.006 
-0.006 
-0.006 
-0.006 
-0.006 
-0.006 
-0.006 
-0.006 
-0.006 
-0.006 
-0.006 
-0.006 
-0.006 
-0.006 
-0.006 
-0.006 
-0.006 
-0.006 
-0.034 
-0.034 
-0.009 
-0.009 
-0.009 
-0.009 
-0.009 
-0.009 
-0.009 
-0.009 
-0.009 
-0.009 
-0.037 
-0.037 
-0.012 
-0.012 
-0.012 
-0.012 
-0.012 
-0.012 
-0.04 
-0.04 
-0.015 
-0.015 
-0.015 
-0.015 
-0.015 
-0.015 
-0.015 
-0.015 
-0.015 
-0.015 
-0.043 
-0.043 
-0.018 
-0.018 
-0.018 
-0.018 
-0.018 
-0.018 
-0.018 
-0.018 
-0.018 
-0.018 
-0.018 
-0.018 
-0.018 
-0.018 
-0.018 
-0.018 
-0.018 
-0.018 
-0.018 
-0.018 
-0.018 
-0.018 
-0.018 
-0.018 
-0.018 
-0.018 
-0.018 
-0.018 
-0.018 
-0.018 
-0.018 
-0.018 
-0.018 
-0.018 
-0.018 
0.01 
0.01 
-0.015 
-0.015 
-0.015 
-0.015 
-0.015 
-0.015 
-0.015 
-0.015 
-0.015 
-0.015 
0.013 
0.013 
-0.012 
-0.012 
-0.012 
-0.012 
-0.012 
-0.012 
-0.012 
-0.012 
-0.012 
-0.012 
-0.012 
-0.012 
-0.012 
-0.012 
-0.012 
-0.012 
-0.012 
-0.012 
-0.012 
-0.012 
-0.012 
-0.012 
-0.012 
-0.012 
-0.012 
-0.012 
-0.012 
-0.012 
-0.012 
-0.012 
-0.012 
-0.012 
-0.012 
-0.012 
-0.012 
-0.012 
-0.012 
-0.012 
-0.04 
-0.04 
-0.015 
-0.015 
-0.015 
-0.015 
-0.015 
-0.015 
-0.015 
-0.015 
-0.015 
-0.015 
-0.015 
-0.015 
-0.015 
-0.015 
-0.015 
-0.015 
-0.015 
-0.015 
-0.015 
-0.015 
-0.015 
-0.015 
0.013 
0.013 
-0.012 
-0.012 
-0.012 
-0.012 
-0.012 
-0.012 
-0.012 
-0.012 
-0.012 
-0.012 
-0.012 
-0.012 
-0.012 
-0.012 
-0.012 
-0.012 
-0.012 
-0.012 
-0.012 
-0.012 
-0.012 
-0.012 
-0.012 
-0.012 
-0.012 
-0.012 
-0.012 
-0.012 
-0.012 
-0.012 
-0.012 
-0.012 
-0.012 
-0.012 
-0.012 
-0.04 
-0.04 
-0.015 
-0.015 
-0.015 
-0.015 
-0.015 
-0.015 
-0.015 
-0.015 
-0.043 
-0.043 
-0.018 
-0.018 
-0.018 
-0.018 
-0.018 
-0.018 
-0.018 
-0.018 
-0.018 
-0.018 
-0.018 
-0.018 
-0.018 
-0.018 
-0.046 
-0.046 
-0.021 
-0.021 
-0.021 
-0.021 
-0.021 
-0.021 
-0.021 
-0.021 
-0.021 
-0.021 
-0.021 
-0.021 
-0.021 
-0.021 
-0.049 
-0.049 
-0.024 
-0.024 
-0.024 
-0.024 
-0.024 
-0.024 
-0.024 
-0.024 
-0.024 
-0.024 
-0.024 
-0.024 
-0.024 
-0.024 
-0.024 
-0.024 
-0.024 
-0.024 
-0.052 
-0.052 
-0.027 
-0.027 
-0.027 
-0.027 
-0.027 
-0.027 
-0.027 
-0.027 
-0.027 
-0.027 
-0.027 
-0.027 
-0.027 
-0.027 
-0.027 
-0.027 
-0.027 
-0.027 
-0.027 
-0.027 
-0.027 
-0.027 
-0.027 
-0.027 
-0.027 
-0.027 
0.001 
0.001 
-0.024 
-0.024 
-0.024 
-0.024 
-0.024 
-0.024 
-0.024 
-0.024 
-0.024 
-0.024 
-0.024 
-0.024 
-0.024 
-0.024 
-0.024 
-0.024 
-0.024 
0.004 
0.004 
-0.021 
-0.021 
-0.021 
-0.021 
-0.021 
-0.021 
-0.021 
-0.021 
0.007 
0.007 
-0.018 
-0.018 
-0.018 
-0.018 
-0.018 
-0.018 
-0.018 
-0.018 
-0.018 
-0.018 
0.01 
0.01 
-0.015 
-0.015 
-0.015 
-0.015 
-0.015 
-0.015 
0.013 
0.013 
-0.012 
-0.012 
-0.012 
-0.012 
-0.012 
-0.012 
-0.012 
-0.012 
0.016 
0.016 
-0.009 
-0.009 
-0.009 
-0.009 
-0.009 
-0.009 
-0.009 
-0.009 
-0.009 
-0.009 
0.019 
0.019 
-0.006 
-0.006 
-0.006 
-0.006 
-0.006 
-0.006 
-0.006 
-0.006 
-0.006 
-0.006 
-0.006 
-0.006 
-0.006 
-0.006 
-0.006 
-0.006 
-0.006 
-0.006 
-0.006 
-0.006 
-0.006 
-0.006 
-0.006 
-0.006 
-0.006 
-0.006 
-0.034 
-0.034 
-0.009 
-0.009 
-0.009 
-0.009 
-0.009 
-0.009 
-0.009 
-0.009 
-0.009 
-0.009 
-0.009 
-0.009 
-0.009 
-0.009 
-0.009 
-0.009 
-0.009 
-0.009 
-0.009 
-0.009 
-0.009 
-0.009 
-0.009 
-0.009 
-0.009 
-0.009 
-0.009 
-0.009 
-0.009 
-0.009 
-0.009 
-0.037 
-0.037 
-0.012 
-0.012 
-0.012 
-0.012 
-0.012 
-0.012 
-0.012 
-0.012 
-0.012 
-0.012 
-0.012 
-0.012 
-0.012 
-0.012 
-0.04 
-0.04 
-0.015 
-0.015 
-0.015 
-0.015 
-0.015 
-0.015 
-0.015 
-0.015 
-0.015 
-0.015 
-0.043 
-0.043 
-0.018 
-0.018 
-0.018 
-0.018 
-0.018 
-0.018 
-0.018 
-0.018 
-0.018 
-0.018 
-0.018 
-0.018 
-0.018 
-0.018 
-0.018 
-0.018 
-0.018 
-0.018 
-0.018 
-0.018 
-0.018 
-0.018 
-0.018 
-0.018 
-0.018 
-0.018 
-0.018 
-0.018 
-0.018 
-0.018 
-0.018 
-0.018 
-0.018 
-0.018 
-0.018 
-0.018 
-0.018 
-0.018 
-0.018 
-0.018 
-0.018 
-0.018 
-0.018 
-0.018 
-0.018 
-0.018 
0.01 
0.01 
-0.015 
-0.015 
-0.015 
-0.015 
-0.015 
-0.015 
-0.015 
-0.015 
-0.015 
-0.015 
0.013 
0.013 
-0.012 
-0.012 
-0.012 
-0.012 
-0.012 
-0.012 
0.016 
0.016 
-0.009 
-0.009 
-0.009 
-0.009 
-0.009 
-0.009 
-0.009 
-0.009 
-0.009 
-0.009 
-0.009 
-0.009 
-0.009 
-0.009 
-0.009 
-0.009 
-0.009 
-0.009 
-0.009 
-0.009 
-0.009 
-0.009 
-0.009 
0.019 
0.019 
-0.006 
-0.006 
-0.006 
-0.006 
-0.006 
-0.006 
-0.006 
-0.006 
-0.006 
-0.006 
-0.006 
-0.006 
-0.006 
-0.006 
-0.006 
-0.006 
-0.006 
-0.006 
-0.006 
-0.006 
-0.006 
-0.006 
-0.034 
-0.034 
-0.009 
-0.009 
-0.009 
-0.009 
-0.009 
-0.009 
-0.009 
-0.009 
0.019 
0.019 
-0.006 
-0.006 
-0.034 
-0.034 
-0.009 
-0.009 
-0.009 
-0.009 
0.019 
0.019 
-0.006 
-0.006 
-0.006 
-0.006 
-0.006 
-0.006 
-0.006 
-0.006 
-0.006 
-0.006 
-0.006 
-0.006 
-0.006 
-0.006 
0.022 
0.022 
-0.003 
-0.003 
-0.003 
-0.003 
-0.003 
-0.003 
-0.003 
-0.003 
-0.031 
-0.031 
-0.006 
-0.006 
-0.006 
-0.006 
-0.006 
-0.006 
-0.006 
-0.006 
-0.034 
-0.034 
-0.009 
-0.009 
-0.009 
-0.009 
-0.009 
-0.009 
-0.037 
-0.037 
-0.012 
-0.012 
-0.012 
-0.012 
-0.012 
-0.012 
-0.012 
-0.012 
-0.012 
-0.012 
-0.012 
-0.04 
-0.04 
-0.015 
-0.015 
-0.015 
-0.015 
-0.015 
-0.015 
-0.015 
-0.015 
-0.015 
-0.015 
-0.015 
-0.015 
-0.015 
-0.015 
-0.015 
-0.015 
-0.015 
-0.015 
-0.015 
-0.015 
-0.015 
-0.015 
-0.015 
-0.015 
-0.015 
-0.015 
-0.015 
-0.015 
-0.015 
-0.015 
-0.015 
-0.015 
-0.015 
-0.015 
-0.015 
-0.015 
-0.015 
-0.015 
-0.015 
-0.015 
-0.015 
-0.015 
-0.015 
-0.015 
-0.015 
-0.015 
-0.015 
-0.015 
0.013 
0.013 
-0.012 
-0.012 
-0.012 
-0.012 
-0.012 
-0.012 
-0.012 
-0.012 
-0.012 
-0.012 
-0.012 
-0.012 
-0.012 
-0.012 
-0.012 
-0.012 
-0.012 
-0.012 
-0.012 
-0.012 
-0.012 
-0.012 
-0.012 
-0.012 
-0.012 
-0.012 
-0.012 
-0.012 
-0.012 
-0.012 
-0.012 
-0.012 
-0.012 
-0.012 
-0.012 
-0.012 
-0.012 
-0.012 
-0.012 
-0.012 
-0.012 
-0.012 
-0.012 
-0.012 
0.016 
0.016 
-0.009 
-0.009 
-0.009 
-0.009 
-0.009 
-0.009 
-0.009 
-0.009 
-0.009 
-0.009 
-0.009 
0.019 
0.019 
-0.006 
-0.006 
-0.006 
-0.006 
-0.006 
-0.006 
-0.006 
-0.006 
-0.006 
-0.006 
-0.006 
-0.006 
-0.006 
-0.006 
-0.006 
-0.006 
-0.006 
-0.006 
-0.006 
-0.006 
-0.006 
-0.006 
-0.006 
-0.006 
-0.006 
-0.006 
-0.006 
-0.006 
-0.006 
-0.006 
-0.006 
-0.006 
-0.006 
-0.006 
-0.006 
-0.006 
-0.006 
-0.006 
0.022 
0.022 
-0.003 
-0.003 
-0.003 
-0.003 
-0.003 
-0.003 
-0.003 
-0.003 
-0.003 
-0.003 
0.025 
0.025 
0 
0 
0 
0 
0 
0 
0 
0 
0 
0 
0 
0 
0 
0 
0 
0 
0 
0 
0 
0 
0 
0 
0 
0 
0 
0 
0 
0 
0 
0 
0 
0 
-0.028 
-0.028 
-0.003 
-0.003 
-0.003 
-0.003 
-0.003 
-0.003 
-0.003 
-0.003 
-0.003 
-0.003 
-0.003 
-0.003 
-0.003 
-0.003 
-0.031 
-0.031 
-0.006 
-0.006 
-0.006 
-0.006 
-0.006 
-0.006 
-0.006 
-0.006 
-0.006 
-0.006 
-0.006 
0.022 
0.022 
-0.003 
-0.003 
-0.003 
-0.003 
-0.003 
-0.003 
-0.003 
-0.003 
0.025 
0.025 
0 
0 
0 
0 
0 
0 
0 
0 
0 
0 
0 
0 
0 
0 
0 
0 
0 
0 
0 
0 
0 
0 
0 
0 
0 
0 
0 
0 
0 
0 
0 
0 
0 
0 
0.028 
0.028 
0.003 
0.003 
0.003 
0.003 
0.003 
0.003 
0.003 
0.003 
0.003 
0.003 
0.003 
0.003 
0.003 
0.003 
0.003 
0.003 
0.031 
0.031 
0.006 
0.006 
0.006 
0.006 
0.006 
0.006 
0.006 
0.006 
0.006 
0.006 
0.006 
0.006 
0.006 
0.006 
0.006 
0.006 
0.006 
0.006 
0.006 
0.006 
0.006 
0.006 
0.006 
0.006 
0.006 
0.006 
0.006 
0.006 
0.034 
0.034 
0.009 
0.009 
0.009 
0.009 
0.009 
0.009 
0.009 
0.009 
0.009 
0.009 
0.009 
-0.019 
-0.019 
0.006 
0.006 
0.034 
0.034 
0.009 
0.009 
0.009 
0.009 
0.009 
0.009 
0.009 
0.009 
0.009 
0.009 
-0.019 
-0.019 
0.006 
0.006 
0.034 
0.034 
0.009 
0.009 
0.009 
0.009 
0.009 
0.009 
0.009 
0.009 
0.009 
0.009 
0.009 
0.009 
0.009 
0.009 
0.009 
0.009 
0.009 
0.009 
0.009 
0.009 
0.009 
0.009 
0.009 
0.009 
0.009 
0.009 
0.009 
0.009 
0.009 
0.009 
0.037 
0.037 
0.012 
0.012 
0.012 
0.012 
0.012 
0.012 
0.012 
0.012 
0.012 
0.012 
0.012 
0.012 
-0.016 
-0.016 
0.009 
0.009 
0.009 
0.009 
0.009 
0.009 
0.009 
0.009 
0.009 
0.009 
0.009 
0.009 
0.009 
0.009 
0.009 
0.009 
0.009 
0.009 
-0.019 
-0.019 
0.006 
0.006 
0.006 
0.006 
0.006 
0.006 
0.006 
0.006 
-0.022 
-0.022 
0.003 
0.003 
0.003 
0.003 
0.003 
0.003 
0.003 
0.003 
0.003 
0.003 
0.003 
-0.025 
-0.025 
0 
0 
0 
0 
0 
0 
0 
0 
0 
0 
0 
0 
0 
0 
0.028 
0.028 
0.003 
0.003 
0.003 
0.003 
0.003 
0.003 
0.003 
0.003 
0.003 
0.003 
0.003 
0.003 
0.003 
0.003 
0.003 
0.003 
0.003 
0.003 
0.003 
0.003 
0.003 
0.003 
0.003 
0.003 
0.003 
0.003 
0.003 
0.003 
0.003 
0.003 
0.003 
0.003 
-0.025 
-0.025 
0 
0 
0 
0 
0 
0 
0 
0 
0 
0 
0 
0 
0 
0 
0 
0 
0 
0 
0 
0 
0 
0 
0 
0 
0 
0 
0 
0 
0 
0 
0 
0 
0 
0 
0.028 
0.028 
0.003 
0.003 
0.003 
0.003 
0.003 
0.003 
0.003 
0.003 
0.003 
0.003 
0.003 
0.003 
0.003 
0.003 
0.003 
0.031 
0.031 
0.006 
0.006 
0.006 
0.006 
0.006 
0.006 
0.006 
0.006 
0.006 
0.006 
0.006 
0.006 
0.006 
0.006 
-0.022 
-0.022 
0.003 
0.003 
0.003 
0.003 
0.003 
0.003 
0.003 
0.003 
0.003 
0.003 
0.003 
0.003 
0.003 
0.003 
-0.025 
-0.025 
0 
0 
0 
0 
0 
0 
0 
0 
0 
0 
0 
0 
0 
0 
0 
0 
0 
0 
0 
0 
0 
0 
0 
0 
0 
0 
0 
0 
0 
0 
0 
0 
0 
0 
0 
0 
0 
0 
0 
0 
0 
0 
0 
0 
0 
0 
0 
0 
0 
0 
0 
0 
0 
0 
0 
0 
0 
0 
0 
0 
0 
0 
0 
0 
0 
0 
0 
0 
0 
-0.028 
-0.028 
-0.003 
-0.003 
-0.003 
-0.003 
-0.031 
-0.031 
-0.006 
-0.006 
-0.006 
-0.006 
-0.034 
-0.034 
-0.009 
-0.009 
-0.037 
-0.037 
-0.012 
-0.012 
-0.012 
-0.012 
-0.012 
-0.012 
-0.04 
-0.04 
-0.015 
-0.015 
-0.015 
-0.015 
-0.015 
-0.015 
-0.015 
-0.015 
-0.043 
-0.043 
-0.018 
-0.018 
-0.018 
-0.018 
-0.018 
-0.018 
-0.046 
-0.046 
-0.021 
-0.021 
-0.049 
-0.049 
-0.024 
-0.024 
-0.024 
-0.024 
-0.024 
-0.024 
-0.024 
-0.024 
-0.024 
-0.024 
-0.024 
-0.024 
-0.052 
-0.052 
-0.027 
-0.027 
-0.027 
-0.027 
-0.027 
-0.027 
-0.027 
-0.027 
-0.027 
-0.027 
-0.027 
-0.027 
-0.027 
-0.027 
-0.027 
-0.027 
-0.027 
-0.027 
-0.027 
-0.027 
-0.027 
-0.027 
-0.027 
-0.027 
-0.027 
-0.027 
-0.027 
-0.027 
-0.027 
-0.027 
-0.027 
-0.027 
-0.027 
-0.027 
-0.027 
-0.027 
0.001 
0.001 
-0.024 
-0.024 
-0.024 
-0.024 
-0.024 
-0.024 
-0.024 
-0.024 
-0.024 
-0.024 
-0.024 
-0.024 
-0.024 
-0.024 
-0.024 
-0.024 
-0.024 
-0.024 
-0.024 
-0.024 
-0.024 
-0.024 
-0.024 
-0.024 
-0.024 
-0.024 
-0.024 
-0.024 
-0.024 
-0.024 
-0.024 
-0.024 
-0.024 
-0.024 
-0.024 
-0.024 
-0.024 
-0.024 
-0.024 
-0.024 
-0.024 
-0.024 
-0.024 
-0.024 
-0.024 
-0.024 
-0.024 
-0.024 
-0.024 
-0.024 
-0.024 
-0.024 
-0.024 
-0.024 
-0.024 
-0.024 
-0.024 
-0.024 
-0.024 
-0.024 
-0.024 
-0.024 
-0.024 
-0.024 
-0.024 
0.004 
0.004 
-0.021 
-0.021 
-0.021 
-0.021 
-0.021 
-0.021 
-0.021 
-0.021 
-0.021 
-0.021 
-0.021 
-0.021 
-0.021 
-0.021 
-0.021 
-0.021 
-0.021 
-0.021 
0.007 
0.007 
-0.018 
-0.018 
-0.018 
-0.018 
-0.018 
-0.018 
-0.018 
-0.018 
-0.018 
-0.018 
-0.018 
-0.018 
-0.018 
-0.018 
-0.018 
-0.018 
0.01 
0.01 
-0.015 
-0.015 
-0.015 
-0.015 
-0.015 
-0.015 
-0.015 
-0.015 
-0.015 
-0.015 
-0.015 
0.013 
0.013 
-0.012 
-0.012 
-0.012 
-0.012 
-0.012 
-0.012 
-0.012 
-0.012 
-0.012 
-0.012 
-0.012 
-0.012 
-0.012 
-0.012 
-0.012 
-0.012 
-0.012 
-0.012 
-0.012 
-0.012 
-0.012 
-0.012 
-0.012 
-0.012 
-0.012 
-0.012 
-0.012 
-0.012 
-0.012 
-0.012 
-0.012 
-0.012 
-0.012 
-0.012 
-0.012 
-0.012 
-0.012 
-0.012 
-0.012 
-0.012 
-0.012 
-0.012 
-0.012 
-0.012 
-0.012 
-0.012 
-0.012 
-0.012 
-0.012 
-0.012 
0.016 
0.016 
-0.009 
-0.009 
-0.009 
-0.009 
-0.009 
-0.009 
-0.009 
-0.009 
-0.009 
-0.009 
-0.009 
-0.009 
-0.009 
-0.009 
-0.009 
-0.009 
-0.009 
-0.009 
0.019 
0.019 
-0.006 
-0.006 
-0.006 
-0.006 
-0.006 
-0.006 
-0.006 
-0.006 
-0.006 
-0.006 
-0.006 
-0.006 
0.022 
0.022 
-0.003 
-0.003 
-0.003 
-0.003 
-0.003 
-0.003 
-0.003 
-0.003 
-0.003 
-0.003 
0.025 
0.025 
0 
0 
0 
0 
0 
0 
0 
0 
0 
0 
0 
0 
0 
0 
0 
0.028 
0.028 
0.003 
0.003 
0.031 
0.031 
0.006 
0.006 
0.006 
0.006 
0.006 
0.006 
0.006 
0.006 
0.006 
0.006 
0.006 
0.006 
0.006 
0.006 
0.006 
0.006 
0.006 
0.006 
-0.022 
-0.022 
0.003 
0.003 
0.003 
0.003 
-0.025 
-0.025 
0 
0 
0 
0 
0 
0 
0 
0 
0 
0 
0 
0 
0 
0 
0 
0 
0 
0 
0 
0 
0 
0 
0 
0 
0 
0 
0 
0 
0 
0 
0 
0 
0 
0 
0 
0 
0 
0 
0 
0 
0.028 
0.028 
0.003 
0.003 
0.003 
0.003 
0.003 
0.003 
0.003 
0.003 
0.031 
0.031 
0.006 
0.006 
0.006 
0.006 
0.006 
0.006 
0.006 
0.006 
0.006 
0.006 
0.006 
0.006 
0.034 
0.034 
0.009 
0.009 
0.009 
0.009 
0.009 
0.009 
0.009 
0.009 
0.009 
0.009 
0.009 
0.009 
0.009 
0.009 
0.009 
0.009 
0.009 
0.009 
0.009 
0.009 
0.009 
0.009 
0.009 
0.009 
0.009 
0.009 
0.009 
0.009 
0.009 
-0.019 
-0.019 
0.006 
0.006 
0.006 
0.006 
0.006 
0.006 
0.006 
0.006 
0.006 
0.006 
0.006 
0.006 
0.006 
0.006 
0.006 
0.006 
0.006 
0.006 
0.006 
0.006 
0.006 
0.006 
0.006 
0.006 
0.006 
0.006 
-0.022 
-0.022 
0.003 
0.003 
0.003 
0.003 
0.003 
0.003 
0.003 
0.003 
0.003 
0.003 
0.003 
0.003 
0.003 
0.003 
0.003 
0.003 
0.003 
0.003 
0.003 
0.003 
0.003 
0.003 
0.003 
0.003 
0.003 
0.003 
0.003 
0.003 
0.003 
0.003 
0.003 
0.003 
0.003 
0.003 
-0.025 
-0.025 
0 
0 
0 
0 
0 
0 
0 
0 
0 
0 
0 
0 
0 
0 
0 
0 
0 
0 
0 
0 
0 
0 
0 
0 
0 
0 
0 
0 
0 
0 
0 
0 
0 
0 
0 
0 
0 
0 
0 
0 
0 
0 
0 
0 
0 
0 
0 
0 
0 
-0.028 
-0.028 
-0.003 
-0.003 
-0.003 
-0.003 
-0.003 
-0.003 
-0.003 
-0.003 
0.025 
0.025 
0 
0 
0 
0 
0 
0 
0 
0 
0 
0 
0 
0 
-0.028 
-0.028 
-0.003 
-0.003 
-0.003 
-0.003 
-0.003 
-0.003 
-0.003 
-0.003 
-0.003 
-0.003 
-0.003 
-0.003 
-0.003 
-0.003 
-0.003 
-0.003 
-0.003 
-0.003 
-0.003 
-0.003 
-0.031 
-0.031 
-0.006 
-0.006 
-0.006 
-0.006 
-0.006 
-0.006 
-0.006 
-0.006 
-0.034 
-0.034 
-0.009 
-0.009 
-0.009 
-0.009 
-0.009 
-0.009 
-0.009 
-0.009 
-0.009 
-0.009 
-0.009 
-0.009 
-0.009 
-0.009 
-0.037 
-0.037 
-0.012 
-0.012 
-0.012 
-0.012 
-0.012 
-0.012 
-0.04 
-0.015 
-0.015 
-0.015 
-0.015 
-0.015 
-0.015 
-0.015 
-0.015 
-0.015 
-0.015 
-0.015 
-0.015 
-0.015 
-0.015 
-0.043 
-0.043 
-0.018 
-0.018 
-0.018 
-0.018 
-0.018 
-0.018 
-0.018 
-0.018 
-0.018 
-0.018 
-0.018 
-0.018 
-0.018 
-0.018 
-0.018 
-0.018 
-0.018 
-0.018 
-0.018 
-0.018 
-0.018 
-0.018 
-0.018 
-0.018 
-0.018 
-0.018 
-0.018 
-0.018 
0.01 
0.01 
-0.015 
-0.015 
-0.015 
-0.015 
-0.015 
-0.015 
-0.015 
-0.015 
-0.015 
-0.015 
-0.015 
-0.015 
-0.015 
-0.015 
-0.015 
-0.015 
-0.015 
-0.015 
-0.015 
-0.015 
-0.015 
-0.015 
-0.015 
-0.015 
-0.015 
-0.015 
-0.015 
-0.015 
-0.015 
-0.015 
-0.015 
-0.015 
-0.043 
-0.043 
-0.018 
-0.018 
-0.018 
-0.018 
-0.018 
-0.018 
-0.018 
-0.018 
-0.018 
-0.018 
-0.018 
-0.018 
-0.018 
-0.018 
-0.018 
-0.018 
-0.018 
-0.018 
0.01 
0.01 
-0.015 
-0.015 
-0.015 
-0.015 
0.013 
0.013 
-0.012 
-0.012 
-0.012 
-0.012 
-0.012 
0.016 
0.016 
-0.009 
-0.009 
-0.009 
-0.009 
-0.009 
-0.009 
0.019 
0.019 
-0.006 
-0.006 
-0.006 
-0.006 
0.022 
0.022 
-0.003 
-0.003 
-0.003 
-0.003 
-0.003 
-0.003 
-0.003 
-0.003 
0.025 
0.025 
0 
0 
0 
0 
0 
0 
0 
0 
0 
0 
0 
0 
0 
0 
0 
0 
0 
0 
0 
0 
0 
0 
0 
0 
0 
0 
0 
0 
0 
0 
0 
0 
0 
0 
0 
0 
0 
0 
0 
0 
0 
0 
0 
0 
0 
0 
0 
0 
0 
0 
0 
0 
0 
0 
0 
0 
0 
0 
0 
0 
0 
0 
0 
0 
0.028 
0.028 
0.003 
0.003 
0.003 
0.003 
0.003 
0.003 
0.003 
0.003 
0.003 
0.003 
0.003 
0.003 
0.003 
0.031 
0.031 
0.006 
0.006 
-0.022 
-0.022 
0.003 
0.003 
0.031 
0.031 
-0.022 
-0.022 
0.003 
0.003 
0.031 
0.031 
0.006 
0.006 
0.006 
0.006 
0.006 
0.006 
0.006 
0.006 
0.006 
0.006 
-0.022 
-0.022 
0.003 
0.003 
0.003 
0.003 
0.003 
0.003 
0.003 
0.003 
0.003 
0.003 
0.003 
0.003 
0.003 
0.003 
0.003 
0.003 
0.003 
0.003 
0.003 
0.003 
0.003 
0.003 
0.003 
0.003 
0.003 
0.003 
0.031 
0.031 
0.006 
0.006 
0.006 
0.006 
0.006 
0.006 
0.006 
0.006 
0.006 
0.006 
0.006 
0.006 
0.006 
0.006 
0.006 
0.006 
0.006 
0.006 
0.006 
0.006 
-0.022 
-0.022 
0.003 
0.003 
0.003 
0.003 
0.003 
0.003 
0.003 
0.003 
0.003 
0.003 
0.003 
0.003 
0.003 
-0.025 
-0.025 
0 
0 
0 
0 
0 
0 
0 
0 
0 
0 
0 
0 
0 
0 
0 
0 
0 
0 
0 
0 
0 
0 
0 
0 
0 
0 
0 
0 
0 
0 
-0.028 
-0.028 
-0.003 
-0.003 
-0.003 
-0.003 
-0.003 
-0.003 
-0.003 
-0.003 
-0.003 
-0.003 
-0.003 
-0.003 
-0.003 
-0.003 
-0.003 
-0.003 
-0.003 
-0.003 
-0.031 
-0.031 
-0.006 
-0.006 
-0.006 
-0.006 
-0.006 
-0.006 
-0.006 
-0.006 
-0.006 
-0.006 
-0.006 
-0.006 
-0.034 
-0.034 
-0.009 
-0.009 
-0.009 
-0.009 
-0.009 
-0.009 
-0.009 
-0.009 
-0.009 
-0.009 
-0.037 
-0.037 
-0.012 
-0.012 
-0.012 
-0.012 
-0.012 
-0.012 
-0.012 
-0.012 
-0.012 
-0.012 
-0.012 
-0.012 
-0.04 
-0.04 
-0.015 
-0.015 
-0.015 
-0.015 
-0.015 
-0.015 
-0.015 
-0.015 
-0.015 
-0.015 
-0.015 
-0.015 
-0.015 
-0.015 
-0.015 
-0.043 
-0.043 
-0.018 
-0.018 
-0.018 
-0.018 
-0.018 
-0.018 
-0.018 
-0.018 
-0.018 
-0.018 
-0.018 
-0.018 
-0.018 
-0.018 
-0.046 
-0.046 
-0.021 
-0.021 
-0.021 
-0.021 
-0.021 
-0.021 
-0.021 
-0.021 
-0.021 
-0.021 
-0.049 
-0.049 
-0.024 
-0.024 
-0.024 
-0.024 
-0.024 
-0.024 
-0.052 
-0.052 
-0.027 
-0.027 
-0.027 
-0.027 
-0.027 
-0.027 
-0.027 
-0.027 
-0.027 
-0.027 
-0.027 
-0.027 
-0.027 
-0.027 
-0.027 
-0.027 
-0.027 
-0.027 
-0.027 
-0.027 
-0.027 
-0.027 
-0.027 
-0.027 
-0.027 
-0.027 
-0.027 
-0.027 
0.001 
0.001 
-0.024 
-0.024 
-0.024 
-0.024 
-0.024 
-0.024 
-0.024 
-0.024 
0.004 
0.004 
-0.021 
-0.021 
-0.021 
-0.021 
-0.021 
-0.021 
-0.021 
-0.021 
-0.021 
-0.021 
0.007 
0.007 
-0.018 
-0.018 
-0.018 
-0.018 
-0.018 
-0.046 
-0.046 
-0.021 
-0.021 
-0.021 
-0.021 
-0.021 
-0.021 
-0.021 
-0.021 
-0.021 
-0.021 
-0.021 
-0.021 
-0.021 
-0.021 
-0.021 
-0.021 
-0.021 
-0.021 
-0.049 
-0.049 
-0.024 
-0.024 
-0.024 
-0.024 
-0.024 
-0.024 
-0.024 
-0.024 
-0.052 
-0.052 
-0.027 
-0.027 
-0.027 
-0.027 
-0.027 
-0.027 
-0.027 
-0.027 
-0.027 
-0.027 
-0.027 
-0.027 
-0.027 
-0.027 
-0.027 
-0.027 
-0.027 
-0.027 
-0.055 
-0.055 
-0.03 
-0.03 
-0.03 
-0.03 
-0.03 
-0.03 
-0.03 
-0.03 
-0.03 
-0.03 
-0.03 
-0.03 
-0.03 
-0.03 
-0.058 
-0.058 
-0.033 
-0.033 
-0.033 
-0.033 
-0.033 
-0.033 
-0.005 
-0.005 
-0.03 
-0.03 
-0.03 
-0.03 
-0.03 
-0.03 
-0.03 
-0.03 
-0.03 
-0.03 
-0.03 
-0.03 
-0.03 
-0.03 
-0.002 
-0.002 
-0.027 
-0.027 
-0.027 
-0.027 
-0.027 
-0.027 
-0.027 
-0.027 
-0.027 
-0.027 
-0.027 
-0.027 
-0.027 
-0.027 
-0.027 
0.001 
0.001 
-0.024 
-0.024 
-0.024 
-0.024 
-0.024 
-0.024 
-0.024 
-0.024 
-0.024 
-0.024 
-0.024 
-0.024 
-0.024 
-0.024 
-0.024 
-0.024 
0.004 
0.004 
-0.021 
-0.021 
-0.021 
-0.021 
-0.021 
-0.021 
-0.021 
-0.021 
-0.021 
-0.021 
-0.021 
-0.021 
-0.021 
-0.021 
-0.021 
-0.021 
-0.021 
-0.021 
-0.021 
-0.021 
-0.021 
-0.021 
-0.021 
-0.021 
-0.021 
-0.021 
0.007 
0.007 
-0.018 
-0.018 
-0.018 
-0.018 
-0.018 
-0.018 
-0.018 
-0.018 
-0.018 
-0.018 
-0.018 
-0.018 
-0.018 
-0.018 
-0.018 
-0.018 
-0.018 
-0.018 
0.01 
0.01 
-0.015 
-0.015 
-0.015 
-0.015 
-0.015 
-0.015 
-0.015 
-0.015 
-0.015 
-0.015 
-0.015 
-0.015 
-0.015 
-0.015 
0.013 
0.013 
-0.012 
-0.012 
-0.012 
-0.012 
-0.012 
-0.012 
-0.012 
-0.012 
0.016 
0.016 
-0.009 
-0.009 
-0.037 
-0.037 
-0.012 
-0.012 
-0.012 
-0.012 
-0.012 
-0.012 
-0.012 
0.016 
0.016 
-0.009 
-0.009 
-0.009 
-0.009 
-0.009 
-0.009 
-0.009 
-0.009 
0.047 
0.047 
-0.003 
-0.003 
-0.059 
-0.059 
0.019 
0.019 
-0.006 
-0.006 
0.05 
0.05 
0 
0 
0 
0 
0 
0 
0 
0 
0.028 
0.028 
0.003 
0.003 
0.087 
0.087 
0.012 
0.012 
0.012 
0.012 
0.068 
0.068 
0.018 
0.018 
0.018 
0.018 
0.018 
0.018 
0.018 
0.018 
0.018 
0.018 
0.018 
0.018 
-0.066 
-0.066 
0.009 
0.009 
0.009 
0.009 
-0.047 
-0.047 
0.003 
0.003 
0.059 
0.059 
-0.131 
-0.131 
-0.006 
-0.006 
0.05 
0.05 
0 
0 
-0.084 
-0.084 
-0.289 
-0.289 
-0.039 
-0.039 
-0.123 
-0.123 
-0.104 
-0.104 
-0.054 
-0.054 
-0.054 
-0.054 
-0.054 
-0.054 
-0.194 
-0.194 
-0.153 
-0.078 
-0.078 
-0.078 
-0.078 
-0.106 
-0.106 
-0.081 
-0.081 
-0.081 
-0.081 
-0.249 
-0.249 
-0.099 
-0.099 
-0.295 
-0.295 
-0.12 
-0.12 
-0.12 
-0.12 
-0.204 
-0.204 
-0.129 
-0.129 
-0.241 
-0.241 
-0.197 
-0.197 
-0.147 
-0.147 
-0.231 
-0.231 
-0.156 
-0.156 
-0.156 
-0.156 
-0.24 
-0.24 
-0.165 
-0.165 
-0.165 
-0.165 
-0.165 
-0.165 
-0.165 
-0.165 
-0.277 
-0.277 
-0.177 
-0.177 
-0.205 
-0.205 
-0.18 
-0.18 
-0.236 
-0.236 
-0.494 
-0.494 
-0.219 
-0.219 
-0.051 
-0.051 
-0.285 
-0.285 
-0.21 
-0.21 
-0.21 
-0.21 
-0.21 
-0.21 
-0.21 
-0.21 
-0.21 
-0.21 
-0.21 
-0.21 
-0.21 
-0.21 
-0.21 
-0.21 
-0.21 
-0.21 
-0.238 
-0.238 
-0.213 
-0.213 
-0.213 
-0.213 
-0.213 
-0.213 
-0.213 
-0.213 
-0.213 
-0.213 
-0.213 
-0.213 
-0.213 
-0.213 
-0.213 
-0.213 
-0.213 
-0.213 
-0.213 
-0.213 
-0.213 
-0.213 
-0.213 
-0.213 
-0.213 
-0.213 
-0.213 
-0.213 
-0.213 
-0.213 
-0.213 
-0.213 
-0.213 
-0.213 
-0.213 
-0.213 
-0.213 
-0.213 
-0.213 
-0.185 
-0.185 
-0.21 
-0.21 
-0.21 
-0.21 
-0.21 
-0.21 
-0.21 
-0.21 
-0.21 
-0.21 
-0.21 
-0.21 
-0.21 
-0.21 
-0.21 
-0.21 
-0.21 
-0.21 
-0.21 
-0.21 
-0.21 
-0.21 
-0.21 
-0.21 
-0.21 
-0.21 
-0.21 
-0.21 
-0.21 
-0.21 
-0.21 
-0.21 
-0.21 
-0.21 
-0.21 
-0.21 
-0.21 
-0.21 
-0.21 
-0.21 
-0.21 
-0.21 
-0.21 
-0.21 
-0.238 
-0.238 
-0.213 
-0.213 
-0.213 
-0.213 
-0.213 
-0.213 
-0.213 
-0.213 
-0.213 
-0.213 
-0.213 
-0.213 
-0.213 
-0.213 
-0.213 
-0.213 
-0.213 
-0.213 
-0.213 
-0.213 
-0.213 
-0.213 
-0.213 
-0.213 
-0.213 
-0.185 
-0.185 
-0.21 
-0.21 
-0.21 
-0.21 
-0.21 
-0.21 
-0.21 
-0.21 
-0.21 
-0.21 
-0.21 
-0.21 
-0.21 
-0.21 
-0.21 
-0.21 
-0.21 
-0.21 
-0.21 
-0.21 
-0.21 
-0.21 
-0.21 
-0.21 
-0.21 
-0.21 
-0.21 
-0.21 
-0.21 
-0.21 
-0.21 
-0.21 
-0.21 
-0.21 
-0.21 
-0.21 
-0.21 
-0.21 
-0.21 
-0.21 
-0.21 
-0.21 
-0.21 
-0.21 
-0.21 
-0.21 
-0.21 
-0.21 
-0.21 
-0.21 
-0.21 
-0.21 
-0.21 
-0.21 
-0.21 
-0.21 
-0.21 
-0.21 
-0.21 
-0.21 
-0.21 
-0.21 
-0.21 
-0.21 
-0.21 
-0.21 
-0.21 
-0.21 
-0.21 
-0.21 
-0.21 
-0.21 
-0.21 
-0.21 
-0.21 
-0.21 
-0.21 
-0.21 
-0.21 
-0.21 
-0.21 
-0.21 
-0.21 
-0.21 
-0.21 
-0.21 
-0.21 
-0.21 
-0.21 
-0.21 
-0.21 
-0.21 
-0.21 
-0.21 
-0.21 
-0.21 
-0.21 
-0.21 
-0.21 
-0.21 
-0.21 
1.75 
1.75 
0 
0 
-1.176 
-1.176 
-0.126 
-0.126 
0.938 
0.938 
-0.012 
-0.012 
-1.58 
-1.58 
-0.18 
-0.18 
1.08 
1.08 
-0.045 
-0.045 
-0.045 
-0.045 
-0.325 
-0.325 
-0.075 
-0.075 
0.485 
0.485 
-0.015 
-0.015 
-0.827 
-0.827 
-0.102 
-0.102 
3.062 
3.062 
0.237 
0.237 
0.237 
0.237 
0.237 
0.237 
-2.871 
-2.871 
-0.096 
-0.096 
-0.012 
-0.012 
-0.087 
-0.087 
2.937 
2.937 
0.237 
0.237 
0.237 
0.237 
0.237 
0.237 
0.237 
0.237 
0.237 
0.237 
0.237 
0.237 
0.237 
0.237 
-2.955 
-2.955 
-0.105 
-0.105 
3.087 
3.087 
0.237 
0.237 
0.237 
0.237 
0.237 
0.237 
0.237 
0.237 
0.237 
0.237 
0.237 
0.237 
0.237 
0.237 
0.237 
0.237 
-2.955 
-2.955 
-0.105 
-0.105 
3.087 
3.087 
0.237 
0.237 
0.237 
0.237 
0.237 
0.237 
-2.955 
-2.955 
-0.105 
-0.105 
-0.105 
-0.105 
-0.105 
-0.105 
-0.105 
-0.105 
-0.105 
3.087 
3.087 
0.237 
0.237 
-2.955 
-2.955 
-0.105 
-0.105 
3.087 
3.087 
0.237 
0.237 
0.237 
0.237 
0.237 
0.237 
-2.955 
-2.955 
-0.105 
-0.105 
-0.105 
-0.105 
-0.105 
-0.105 
3.087 
3.087 
0.237 
0.237 
-2.955 
-2.955 
-0.105 
-0.105 
-0.105 
-0.105 
-0.105 
-0.105 
3.087 
3.087 
0.237 
0.237 
0.237 
0.237 
0.237 
0.237 
-2.955 
-2.955 
-0.105 
-0.105 
3.087 
3.087 
0.237 
0.237 
-2.955 
-2.955 
-0.105 
-0.105 
3.087 
3.087 
0.237 
0.237 
0.237 
0.237 
0.237 
0.237 
0.237 
0.237 
0.237 
0.237 
0.209 
0.209 
0.234 
0.234 
-2.958 
-2.958 
-0.108 
