0 
-0.84 
-0.84 
-0.174 
-0.174 
0.181 
0.181 
-0.069 
-0.069 
-0.349 
-0.349 
-0.099 
-0.099 
-0.099 
-0.099 
-0.015 
-0.015 
-0.09 
-0.09 
-0.174 
-0.174 
-0.099 
-0.099 
-0.099 
-0.099 
-0.099 
-0.015 
-0.015 
-0.09 
-0.09 
-0.174 
-0.174 
0.181 
0.181 
-0.069 
-0.069 
-0.069 
-0.069 
-0.069 
-0.069 
-0.069 
-0.069 
-0.349 
-0.349 
-0.099 
-0.099 
0.181 
0.181 
-0.069 
-0.069 
-0.349 
-0.349 
0.181 
0.181 
-0.069 
-0.069 
-0.349 
-0.349 
-0.099 
-0.099 
-0.099 
-0.099 
-0.099 
-0.099 
-0.099 
-0.099 
-0.015 
-0.015 
-0.09 
-0.09 
0.106 
0.106 
-0.069 
-0.069 
-0.069 
-0.069 
-0.265 
-0.265 
-0.09 
-0.09 
0.106 
0.106 
-0.069 
-0.069 
-0.349 
-0.349 
-0.015 
-0.015 
-0.09 
-0.09 
-0.174 
-0.174 
-0.099 
-0.099 
-0.099 
-0.099 
-0.015 
-0.015 
-0.09 
-0.09 
-0.09 
0.106 
0.106 
-0.069 
-0.069 
-0.069 
-0.069 
-0.069 
-0.069 
-0.069 
-0.069 
-0.349 
-0.349 
-0.099 
-0.099 
-0.099 
-0.099 
-0.099 
-0.099 
-0.099 
-0.099 
-0.099 
-0.099 
-0.099 
-0.099 
-0.099 
-0.099 
-0.015 
-0.015 
-0.09 
-0.09 
0.106 
0.106 
-0.349 
-0.349 
-0.099 
-0.099 
-0.099 
-0.099 
-0.099 
-0.099 
-0.099 
-0.099 
-0.015 
-0.015 
-0.09 
-0.09 
0.106 
0.106 
-0.069 
-0.069 
-0.349 
-0.349 
-0.099 
-0.099 
-0.099 
-0.099 
-0.183 
-0.183 
-0.108 
-0.108 
-0.108 
-0.108 
-0.108 
-0.108 
-0.108 
-0.108 
-0.108 
-0.108 
-0.108 
-0.108 
-0.108 
-0.108 
-0.108 
-0.108 
-1.256 
1.393 
1.393 
-0.057 
-0.057 
-0.057 
-0.057 
-0.057 
-0.057 
-0.057 
-0.057 
-0.057 
-0.057 
-0.029 
-0.029 
-0.054 
-0.054 
-0.054 
-0.054 
-0.054 
-0.054 
-0.054 
-0.054 
-1.678 
-1.678 
-0.228 
-0.228 
1.48 
1.48 
-0.045 
-0.045 
0.039 
0.039 
-0.036 
-0.036 
-0.036 
-0.036 
0.076 
0.076 
-0.024 
-0.024 
-0.556 
-0.556 
-0.081 
-0.081 
-0.529 
-0.529 
-0.129 
-0.129 
0.739 
0.739 
-0.036 
-0.036 
-0.372 
-0.372 
-0.072 
-0.072 
-0.1 
-0.1 
-0.075 
-0.075 
-0.075 
-0.075 
-0.467 
-0.467 
-0.117 
-0.117 
-0.257 
-0.257 
-0.132 
-0.132 
-0.132 
-0.132 
0.4 
0.4 
-0.075 
-0.075 
-0.999 
-0.999 
-0.174 
-0.174 
-0.23 
-0.23 
-0.18 
-0.18 
-0.18 
-0.18 
1.22 
-0.03 
-0.03 
-0.03 
-0.03 
-0.03 
-0.03 
-0.03 
-0.03 
-0.03 
-0.03 
-0.03 
-0.03 
-0.03 
-0.03 
-0.03 
-0.03 
-0.03 
-0.03 
-0.03 
-0.03 
-0.03 
-0.03 
-0.03 
-0.03 
-0.03 
-0.03 
-0.03 
-0.03 
-0.03 
-0.03 
-0.03 
-0.03 
-0.03 
-0.03 
-0.03 
-0.03 
-0.03 
-0.03 
-0.03 
-0.03 
-0.03 
-0.03 
-0.03 
-0.03 
-0.03 
-0.03 
-0.03 
-0.03 
-0.03 
-0.03 
-0.03 
-0.03 
-0.03 
-0.03 
-0.03 
-0.03 
-0.03 
-0.03 
-0.03 
-0.03 
-0.03 
-0.03 
-0.03 
-0.03 
-0.03 
-0.03 
-0.03 
-0.03 
-0.03 
-0.03 
-0.03 
-0.03 
-0.03 
-0.03 
-0.03 
-0.03 
-0.03 
-0.03 
-0.03 
-0.03 
-0.03 
-0.03 
-0.03 
-0.03 
-0.03 
-0.03 
-0.03 
-0.03 
-0.03 
-0.03 
-0.03 
-0.03 
-0.03 
-0.03 
-0.03 
-0.03 
-0.03 
-0.03 
-0.03 
-0.03 
-0.03 
-0.03 
-0.03 
-0.03 
-0.03 
-0.03 
-0.03 
-0.03 
-0.03 
-0.03 
-0.03 
-0.03 
-0.03 
-0.674 
-0.674 
-0.099 
-0.099 
-0.043 
-0.043 
-0.093 
-0.093 
-0.093 
-0.093 
-0.093 
-0.093 
-0.093 
-0.093 
-0.149 
-0.149 
-0.099 
-0.099 
-0.155 
-0.155 
-0.189 
-0.189 
-0.114 
-0.114 
-0.086 
-0.086 
-0.111 
-0.111 
-0.055 
-0.055 
-0.049 
-0.099 
-0.099 
-0.099 
-0.099 
-0.099 
-0.099 
-0.071 
-0.071 
-0.096 
-0.096 
-0.068 
-0.068 
0.019 
0.019 
-0.081 
-0.081 
-0.081 
-0.081 
-0.053 
-0.053 
-0.078 
-0.078 
-0.05 
-0.05 
-0.075 
-0.075 
-0.019 
-0.019 
-0.069 
-0.069 
0.015 
0.015 
-0.004 
-0.004 
-0.054 
-0.054 
0.03 
0.03 
-0.045 
-0.045 
-0.045 
-0.045 
-0.017 
-0.017 
-0.042 
-0.042 
0.014 
0.014 
-0.036 
-0.036 
-0.036 
-0.036 
0.02 
0.02 
-0.03 
-0.03 
-0.03 
-0.03 
-0.002 
-0.002 
-0.027 
-0.027 
0.001 
0.001 
-0.024 
-0.024 
0.004 
0.004 
-0.021 
-0.021 
-0.021 
-0.021 
0.007 
0.007 
-0.018 
-0.018 
-0.046 
-0.046 
0.007 
-0.018 
-0.018 
-0.018 
-0.018 
0.01 
0.01 
-0.043 
-0.043 
-0.018 
-0.018 
0.01 
0.01 
0.013 
0.013 
-0.012 
-0.012 
-0.012 
-0.012 
-0.012 
-0.012 
0.016 
0.016 
0.019 
0.019 
-0.006 
-0.006 
0.05 
0.05 
0 
0 
0 
0 
0 
0 
0 
0 
0.028 
0.028 
0.003 
0.003 
0.031 
0.031 
0.062 
0.062 
0.012 
0.012 
0.04 
0.04 
0.015 
0.015 
0.043 
0.043 
0.046 
0.046 
0.021 
0.021 
0.049 
0.049 
0.024 
0.024 
0.052 
0.052 
0.055 
0.055 
0.03 
0.03 
0.058 
0.058 
0.033 
0.033 
0.061 
0.061 
0.036 
0.036 
0.036 
0.036 
0.064 
0.064 
0.039 
0.039 
0.039 
0.039 
0.039 
0.039 
0.039 
0.067 
0.067 
0.042 
0.042 
0.042 
0.042 
0.07 
0.07 
0.045 
0.045 
0.045 
0.045 
0.045 
0.045 
0.073 
0.073 
0.048 
0.048 
0.048 
0.048 
0.048 
0.048 
0.048 
0.048 
0.076 
0.076 
0.051 
0.051 
0.051 
0.051 
0.051 
0.051 
0.051 
0.051 
0.051 
0.051 
0.051 
0.051 
0.051 
0.051 
0.051 
0.051 
0.051 
0.051 
0.051 
0.051 
0.051 
0.051 
0.051 
0.051 
0.051 
0.051 
0.051 
0.051 
0.051 
0.051 
0.051 
0.051 
0.051 
0.051 
0.079 
0.079 
0.054 
0.054 
0.054 
0.054 
0.054 
0.054 
0.054 
0.054 
0.082 
0.082 
0.057 
0.057 
0.057 
0.057 
0.057 
0.057 
0.057 
0.085 
0.085 
0.06 
0.06 
0.088 
0.088 
0.063 
0.063 
0.063 
0.063 
0.063 
0.063 
0.063 
0.063 
0.091 
0.091 
0.066 
0.066 
0.066 
0.066 
0.066 
0.066 
0.066 
0.066 
0.094 
0.094 
0.069 
0.069 
0.069 
0.069 
0.069 
0.069 
0.097 
0.097 
0.072 
0.072 
0.072 
0.072 
0.072 
0.072 
0.1 
0.1 
0.075 
0.075 
0.075 
0.075 
0.075 
0.075 
0.075 
0.075 
0.075 
0.075 
0.075 
0.075 
0.075 
0.075 
0.075 
0.075 
0.103 
0.103 
0.078 
0.078 
0.078 
0.078 
0.078 
0.078 
0.078 
0.078 
0.078 
0.078 
0.078 
0.078 
0.078 
0.05 
0.05 
0.075 
0.075 
0.075 
0.075 
0.075 
0.075 
0.075 
0.075 
0.075 
0.075 
0.075 
0.075 
0.075 
0.075 
0.075 
0.075 
0.047 
0.047 
0.072 
0.072 
0.072 
0.072 
0.072 
0.072 
0.072 
0.072 
0.072 
0.072 
0.044 
0.044 
0.069 
0.069 
0.069 
0.069 
0.069 
0.069 
0.069 
0.069 
0.069 
0.069 
0.069 
0.069 
0.069 
0.069 
0.069 
0.069 
0.069 
0.069 
0.069 
0.069 
0.069 
0.069 
0.069 
0.069 
0.041 
0.041 
0.066 
0.066 
0.094 
0.094 
0.069 
0.069 
0.069 
0.069 
0.069 
0.069 
0.069 
0.041 
0.041 
0.066 
0.066 
0.066 
0.066 
0.066 
0.066 
0.066 
0.066 
0.066 
0.066 
0.066 
0.066 
0.066 
0.066 
0.066 
0.066 
0.066 
0.066 
0.066 
0.066 
0.066 
0.066 
0.066 
0.066 
0.066 
0.066 
0.066 
0.066 
0.066 
0.066 
0.066 
0.066 
0.066 
0.066 
0.066 
0.066 
0.066 
0.066 
0.066 
0.066 
0.066 
0.066 
0.038 
0.038 
0.063 
0.063 
0.063 
0.063 
0.063 
0.063 
0.063 
0.063 
0.035 
0.035 
0.06 
0.06 
0.06 
0.06 
0.06 
0.06 
0.06 
0.06 
0.06 
0.06 
0.06 
0.06 
0.06 
0.06 
0.06 
0.06 
0.06 
0.06 
0.06 
0.06 
0.06 
0.06 
0.06 
0.06 
0.06 
0.06 
0.06 
0.032 
0.032 
0.057 
0.057 
0.057 
0.057 
0.057 
0.057 
0.057 
0.057 
0.057 
0.057 
0.057 
0.057 
0.057 
0.057 
0.029 
0.029 
0.054 
0.054 
0.054 
0.054 
0.054 
0.054 
0.054 
0.054 
0.026 
0.026 
0.051 
0.051 
0.051 
0.051 
0.051 
0.051 
0.023 
0.023 
0.02 
0.02 
0.045 
0.045 
0.045 
0.045 
0.017 
0.017 
0.042 
0.042 
0.042 
0.042 
0.042 
0.042 
0.042 
0.042 
0.014 
0.039 
0.039 
0.039 
0.039 
0.067 
0.067 
0.014 
0.014 
0.039 
0.039 
0.039 
0.039 
0.039 
0.039 
0.039 
0.039 
0.039 
0.039 
0.039 
0.039 
0.039 
0.039 
0.039 
0.039 
0.039 
0.039 
0.039 
0.039 
0.039 
0.039 
0.039 
0.039 
0.039 
0.039 
0.039 
0.039 
0.011 
0.011 
0.036 
0.036 
0.036 
0.036 
0.008 
0.008 
0.033 
0.033 
0.033 
0.033 
0.033 
0.033 
0.005 
0.005 
0.002 
0.002 
0.027 
0.027 
0.027 
0.027 
0.027 
0.027 
-0.001 
-0.001 
0.024 
0.024 
0.024 
-0.004 
-0.004 
0.021 
0.021 
0.021 
0.021 
0.021 
0.021 
-0.007 
-0.007 
-0.01 
-0.01 
0.015 
0.015 
0.015 
0.015 
0.015 
0.015 
0.015 
0.015 
-0.013 
-0.013 
0.012 
0.012 
0.012 
0.012 
0.012 
0.012 
0.012 
0.012 
-0.016 
-0.016 
0.009 
0.009 
0.009 
0.009 
0.009 
0.009 
0.009 
0.009 
0.009 
0.009 
0.009 
0.009 
0.009 
0.009 
0.009 
0.009 
0.009 
0.009 
0.009 
0.009 
0.009 
0.009 
0.037 
0.037 
0.012 
0.012 
0.012 
0.012 
-0.016 
-0.016 
0.009 
0.009 
0.037 
0.037 
0.012 
0.012 
0.012 
0.012 
-0.016 
-0.016 
0.009 
0.009 
0.009 
0.037 
0.037 
0.012 
0.012 
0.012 
0.012 
0.012 
0.012 
0.012 
0.012 
0.012 
0.012 
-0.016 
-0.016 
0.009 
0.009 
0.009 
0.009 
0.009 
0.009 
0.009 
0.009 
-0.019 
-0.019 
0.006 
0.006 
0.006 
0.006 
0.006 
0.006 
0.006 
0.006 
-0.022 
-0.022 
-0.025 
-0.025 
0 
0 
0.028 
0.028 
0.003 
0.003 
-0.025 
-0.025 
0 
0 
0 
0 
0 
0 
0 
0 
0 
0 
0 
0 
0 
0 
0 
0 
0 
0 
0 
0 
0 
0 
0 
0 
0 
0 
0 
0 
0 
0 
0 
0 
0 
0 
0 
0 
0 
0 
0 
0 
0 
0.028 
0.028 
-0.025 
-0.025 
0 
0 
0 
0 
0 
0 
0 
0 
0 
0 
0 
0 
0 
0 
0 
0 
0 
0 
0 
0 
0 
0 
0 
0 
0 
0 
0 
0 
0 
0 
0 
0 
-0.028 
-0.028 
-0.003 
-0.003 
-0.003 
-0.003 
-0.003 
-0.003 
-0.003 
-0.003 
-0.003 
-0.003 
-0.003 
-0.003 
-0.003 
-0.003 
-0.003 
-0.003 
-0.003 
-0.003 
-0.003 
-0.003 
-0.003 
-0.003 
-0.003 
-0.003 
-0.003 
-0.003 
-0.003 
-0.003 
-0.003 
-0.003 
-0.003 
0.025 
0.025 
0 
0 
0 
0 
0 
0 
0 
0 
0 
0 
0 
0 
0 
0 
0 
0 
0 
0 
0 
0 
0 
0 
0 
0 
0 
0 
0 
0 
0 
0 
0 
0 
0 
0 
0.028 
0.028 
0.003 
0.003 
0.003 
0.003 
0.003 
0.003 
0.003 
0.003 
0.003 
0.003 
0.031 
0.031 
0.006 
0.006 
0.006 
0.006 
0.006 
0.006 
0.006 
0.006 
0.006 
0.006 
0.006 
0.006 
0.006 
0.006 
0.006 
0.006 
0.006 
0.006 
0.006 
0.006 
0.006 
0.006 
0.006 
0.006 
0.006 
-0.022 
-0.022 
0.003 
0.003 
0.003 
0.003 
0.003 
0.003 
0.003 
0.003 
0.003 
0.003 
0.003 
0.003 
-0.025 
-0.025 
0 
0 
0 
0 
0 
0 
0 
0 
0 
0 
0 
0 
0 
0 
0 
0 
0 
0 
0 
0 
0 
0 
0 
0 
0 
0 
0 
0 
0 
0 
0.028 
0.028 
0.003 
0.003 
0.003 
0.003 
0.003 
0.003 
0.003 
0.003 
0.031 
0.031 
0.006 
0.006 
0.006 
0.006 
0.006 
0.006 
0.034 
0.034 
0.009 
0.009 
0.009 
0.009 
0.009 
0.009 
0.009 
0.009 
0.037 
0.012 
0.012 
-0.016 
-0.016 
0.009 
0.009 
0.037 
0.037 
-0.016 
-0.016 
0.009 
0.009 
0.009 
0.009 
0.009 
0.009 
0.009 
0.009 
-0.019 
-0.019 
0.006 
0.006 
0.006 
0.006 
-0.022 
-0.022 
0.003 
0.003 
-0.025 
-0.025 
0 
0 
0 
0 
-0.028 
-0.028 
-0.003 
-0.003 
-0.031 
-0.031 
-0.034 
-0.034 
-0.009 
-0.009 
-0.009 
-0.009 
-0.009 
-0.009 
-0.009 
-0.009 
-0.037 
-0.037 
-0.012 
-0.012 
-0.012 
-0.012 
-0.012 
-0.012 
-0.012 
-0.012 
-0.04 
-0.04 
-0.015 
-0.015 
-0.015 
-0.015 
-0.015 
-0.015 
-0.015 
-0.015 
0.013 
0.013 
-0.012 
-0.012 
-0.012 
-0.012 
-0.012 
-0.012 
-0.012 
-0.012 
-0.012 
0.016 
0.016 
0.019 
0.019 
-0.006 
-0.006 
-0.006 
-0.006 
-0.006 
-0.006 
0.022 
0.022 
-0.003 
-0.003 
-0.003 
-0.003 
0.025 
0.025 
0 
0 
0 
0 
0 
0 
0 
0 
0 
0 
0 
0 
0 
0 
0 
0 
0 
0 
0.028 
0.028 
0.003 
0.003 
0.003 
0.003 
-0.025 
-0.025 
0 
0 
0 
0 
0 
0 
0 
0 
0 
0 
0 
0 
0 
0 
0 
0 
0 
0 
0 
0 
0 
0 
0 
0 
-0.028 
-0.028 
-0.003 
-0.003 
-0.003 
-0.003 
-0.003 
0.025 
0.025 
0 
0 
0 
0 
0 
0 
0 
0 
0 
0 
0 
0 
0 
0 
-0.028 
-0.028 
-0.003 
-0.003 
-0.003 
-0.003 
-0.003 
-0.003 
-0.003 
-0.003 
0.025 
0.025 
0 
0 
0 
0 
0 
0 
0 
0 
0 
0 
0 
0 
0 
0 
0 
0 
0 
0 
0 
0 
0 
0 
0.028 
0.028 
0.003 
0.003 
0.003 
0.003 
0.003 
0.003 
0.003 
0.003 
0.031 
0.031 
0.006 
0.006 
0.006 
0.006 
0.006 
0.006 
0.006 
0.006 
0.006 
0.006 
0.006 
0.006 
0.006 
0.006 
0.006 
0.034 
0.034 
0.009 
0.009 
0.009 
0.009 
0.009 
0.009 
0.009 
0.009 
0.009 
0.009 
0.009 
0.009 
0.009 
0.009 
0.009 
0.009 
0.009 
0.009 
0.037 
0.037 
-0.016 
-0.016 
0.009 
0.009 
0.009 
0.009 
0.009 
0.009 
0.009 
0.009 
0.009 
0.009 
0.009 
0.009 
0.009 
0.009 
0.009 
0.009 
0.009 
0.009 
0.009 
0.009 
0.009 
0.009 
0.009 
0.009 
0.009 
0.009 
0.009 
0.009 
0.009 
0.009 
0.009 
0.009 
0.037 
0.037 
0.012 
0.012 
0.012 
0.012 
0.012 
0.012 
0.012 
0.012 
0.012 
0.012 
0.012 
0.012 
0.012 
0.012 
0.012 
0.012 
0.012 
0.012 
0.012 
0.012 
0.012 
0.012 
0.012 
0.012 
0.012 
0.012 
0.012 
0.012 
0.012 
0.012 
0.012 
0.012 
0.012 
0.012 
0.012 
0.012 
0.012 
0.012 
0.012 
0.012 
0.012 
0.012 
0.012 
0.012 
0.012 
0.012 
0.012 
-0.016 
-0.016 
0.009 
0.009 
0.009 
0.009 
0.009 
0.009 
0.009 
0.009 
0.009 
0.009 
0.009 
0.009 
0.009 
0.009 
0.037 
0.037 
0.012 
0.012 
-0.016 
-0.016 
0.009 
0.009 
0.009 
0.009 
0.009 
0.009 
0.009 
0.009 
0.009 
0.009 
0.009 
0.009 
0.009 
0.009 
0.009 
-0.019 
-0.019 
0.006 
0.006 
0.006 
0.006 
-0.022 
-0.022 
0.003 
0.003 
0.003 
0.003 
0.003 
0.003 
0.003 
0.003 
0.003 
0.003 
0.003 
0.003 
0.003 
0.003 
-0.025 
-0.025 
0 
0 
0 
0 
0.028 
0.028 
0.003 
0.003 
0.003 
0.003 
0.003 
0.003 
0.003 
0.003 
-0.025 
-0.025 
0 
0 
0 
0 
0 
0 
0 
0 
0 
0 
0 
0 
0 
0 
0 
0 
0 
0 
0 
0 
0 
0 
0 
0 
0 
0 
0 
0 
0 
0 
0 
0 
0 
0 
0 
0 
0 
0 
0 
0 
0 
0 
0 
0 
0 
0 
0 
0 
0 
0 
0 
0 
0 
0 
0 
0 
0 
0 
0 
0 
0 
0 
0 
0 
0 
0 
0 
0 
0 
0 
0 
0 
0 
0 
0 
0 
0 
0 
0 
0 
0 
0 
0 
0 
0 
0 
0 
0 
0 
0 
0 
0 
0 
0 
0 
-0.028 
-0.028 
-0.003 
-0.003 
-0.003 
-0.003 
-0.031 
-0.031 
-0.006 
-0.006 
-0.006 
-0.006 
-0.006 
-0.006 
-0.006 
-0.006 
-0.006 
-0.006 
-0.006 
-0.006 
-0.006 
-0.006 
-0.034 
-0.034 
-0.009 
-0.009 
0.019 
0.019 
-0.006 
-0.006 
-0.006 
-0.006 
-0.006 
-0.006 
-0.006 
-0.006 
-0.006 
-0.006 
-0.006 
-0.006 
-0.006 
-0.006 
-0.034 
-0.034 
-0.009 
-0.009 
-0.009 
-0.009 
-0.009 
-0.009 
0.019 
-0.006 
-0.006 
0.022 
0.022 
-0.003 
-0.003 
-0.003 
-0.003 
-0.003 
-0.003 
-0.003 
-0.003 
-0.003 
-0.003 
-0.003 
-0.003 
-0.003 
-0.003 
-0.031 
-0.031 
-0.006 
-0.006 
0.022 
0.022 
-0.003 
-0.003 
-0.003 
-0.003 
-0.031 
-0.031 
-0.006 
-0.006 
-0.006 
-0.006 
-0.034 
-0.034 
-0.009 
-0.009 
0.019 
0.019 
-0.006 
-0.006 
-0.006 
-0.006 
-0.006 
-0.006 
-0.006 
-0.006 
-0.034 
-0.034 
-0.009 
-0.009 
-0.037 
-0.037 
-0.012 
-0.012 
-0.012 
-0.012 
-0.012 
-0.012 
-0.012 
-0.012 
-0.012 
-0.012 
-0.012 
-0.012 
-0.012 
-0.012 
-0.04 
-0.04 
-0.015 
-0.015 
-0.043 
-0.043 
-0.018 
-0.018 
-0.018 
-0.018 
0.01 
0.01 
-0.015 
-0.015 
-0.015 
-0.015 
-0.015 
-0.015 
-0.015 
-0.015 
-0.015 
-0.015 
-0.015 
-0.015 
-0.043 
-0.043 
-0.018 
-0.018 
-0.018 
-0.018 
-0.018 
-0.018 
-0.018 
-0.018 
-0.018 
-0.018 
-0.018 
-0.018 
-0.018 
-0.018 
-0.018 
-0.018 
-0.018 
-0.018 
-0.018 
-0.018 
-0.018 
-0.018 
-0.018 
-0.018 
-0.018 
-0.018 
-0.018 
-0.018 
-0.018 
-0.018 
-0.018 
-0.018 
-0.018 
-0.018 
-0.018 
-0.018 
-0.018 
-0.018 
-0.018 
-0.018 
-0.018 
-0.018 
-0.018 
-0.018 
-0.018 
-0.018 
-0.018 
-0.018 
-0.018 
-0.018 
-0.018 
0.01 
0.01 
-0.015 
-0.015 
-0.015 
-0.015 
-0.015 
-0.015 
-0.015 
-0.015 
-0.015 
-0.015 
-0.015 
-0.015 
-0.015 
-0.015 
-0.015 
-0.015 
-0.015 
-0.015 
-0.043 
-0.043 
0.01 
0.01 
-0.015 
-0.015 
-0.043 
-0.043 
-0.018 
-0.018 
-0.018 
-0.018 
0.01 
0.01 
-0.015 
-0.015 
-0.015 
-0.015 
-0.015 
-0.015 
-0.015 
-0.015 
-0.015 
-0.015 
-0.015 
-0.015 
-0.015 
-0.015 
-0.015 
-0.015 
-0.015 
-0.015 
-0.015 
-0.015 
-0.015 
-0.015 
-0.015 
-0.015 
-0.043 
-0.043 
-0.018 
-0.018 
-0.046 
-0.046 
-0.021 
-0.021 
0.007 
0.007 
-0.018 
-0.018 
-0.046 
-0.046 
-0.049 
-0.049 
-0.024 
-0.024 
0.004 
-0.021 
-0.021 
-0.049 
-0.049 
-0.024 
-0.024 
-0.024 
-0.024 
-0.052 
-0.052 
-0.027 
-0.027 
-0.027 
-0.027 
-0.027 
-0.027 
-0.027 
-0.027 
-0.055 
-0.055 
-0.03 
-0.03 
-0.03 
-0.03 
-0.002 
-0.002 
-0.027 
-0.027 
-0.055 
-0.055 
-0.03 
-0.03 
-0.03 
-0.03 
-0.03 
-0.03 
-0.002 
-0.002 
0.001 
0.001 
-0.024 
-0.024 
-0.052 
-0.052 
0.029 
0.029 
-0.021 
-0.021 
-0.021 
-0.021 
-0.021 
-0.021 
-0.049 
-0.049 
-0.024 
-0.024 
0.004 
0.004 
-0.021 
-0.021 
-0.021 
-0.021 
0.007 
0.007 
-0.018 
-0.018 
-0.018 
-0.018 
-0.018 
-0.018 
-0.018 
-0.018 
-0.046 
-0.046 
0.007 
0.007 
-0.018 
-0.018 
-0.018 
-0.018 
-0.018 
-0.018 
-0.018 
-0.018 
-0.046 
-0.046 
-0.021 
-0.021 
-0.021 
-0.021 
-0.021 
-0.021 
-0.021 
-0.021 
-0.021 
-0.021 
-0.021 
-0.021 
-0.021 
-0.021 
-0.021 
-0.021 
-0.021 
-0.021 
-0.049 
-0.049 
-0.024 
-0.024 
-0.024 
-0.024 
-0.024 
-0.024 
-0.024 
-0.024 
-0.024 
-0.024 
-0.024 
0.004 
0.004 
-0.021 
-0.021 
-0.021 
-0.021 
-0.021 
-0.021 
-0.049 
-0.049 
0.004 
0.004 
-0.021 
-0.021 
-0.021 
-0.021 
-0.021 
-0.021 
0.007 
0.007 
0.01 
0.01 
-0.015 
-0.015 
-0.043 
-0.043 
-0.018 
-0.018 
0.038 
0.038 
-0.012 
-0.012 
-0.012 
-0.012 
0.016 
0.016 
-0.009 
-0.009 
-0.009 
-0.009 
-0.009 
-0.009 
-0.009 
-0.009 
-0.009 
-0.009 
-0.009 
-0.009 
-0.009 
-0.009 
0.019 
0.019 
-0.006 
-0.006 
0.022 
0.022 
-0.003 
-0.003 
-0.003 
-0.003 
-0.003 
-0.003 
-0.003 
-0.003 
-0.003 
-0.003 
-0.003 
-0.003 
-0.003 
-0.003 
-0.003 
-0.003 
-0.003 
-0.003 
-0.031 
-0.031 
-0.006 
-0.006 
-0.006 
-0.006 
-0.034 
-0.034 
-0.009 
-0.009 
-0.037 
-0.037 
-0.012 
-0.012 
-0.012 
-0.012 
0.016 
0.016 
-0.009 
-0.009 
-0.037 
-0.037 
-0.012 
-0.012 
-0.012 
-0.012 
-0.012 
-0.012 
-0.012 
-0.012 
0.016 
0.016 
-0.009 
-0.037 
-0.037 
-0.012 
-0.012 
0.016 
0.016 
-0.009 
-0.009 
-0.009 
-0.009 
-0.009 
-0.009 
-0.009 
-0.009 
0.019 
0.019 
-0.006 
-0.006 
-0.006 
-0.006 
-0.006 
-0.006 
-0.006 
-0.006 
-0.006 
-0.006 
0.022 
0.022 
-0.003 
-0.003 
-0.003 
-0.003 
-0.003 
-0.003 
-0.003 
-0.003 
-0.003 
-0.003 
-0.003 
-0.003 
-0.003 
-0.003 
-0.003 
-0.003 
-0.003 
-0.003 
-0.003 
-0.003 
-0.003 
-0.003 
-0.003 
-0.003 
-0.003 
-0.003 
-0.003 
-0.003 
-0.003 
-0.003 
-0.003 
-0.003 
-0.003 
-0.003 
-0.003 
-0.003 
-0.003 
-0.003 
-0.003 
-0.003 
-0.003 
-0.003 
-0.003 
-0.003 
-0.003 
-0.003 
-0.003 
-0.003 
-0.003 
-0.003 
-0.003 
-0.003 
-0.003 
-0.003 
-0.003 
-0.003 
-0.003 
-0.003 
-0.003 
-0.003 
-0.003 
-0.003 
-0.003 
-0.003 
-0.003 
-0.003 
-0.003 
-0.003 
-0.003 
-0.003 
-0.003 
-0.003 
-0.003 
-0.003 
-0.003 
-0.003 
-0.003 
-0.003 
-0.003 
-0.003 
-0.003 
-0.003 
-0.003 
-0.003 
-0.003 
-0.003 
-0.003 
0.025 
0.025 
0 
0 
0 
0 
0 
0 
0 
0 
0 
0 
0 
0 
0 
0 
0 
0 
0 
0 
0 
0 
0 
0 
0 
0 
0 
0 
0 
0 
0 
0 
0 
0 
0 
0 
0 
0 
0 
0 
0 
0 
0 
0 
0 
0 
0 
0 
0 
0 
-0.028 
-0.028 
-0.003 
-0.003 
-0.031 
-0.031 
-0.006 
-0.006 
-0.006 
-0.006 
-0.006 
-0.006 
-0.034 
-0.034 
-0.009 
-0.009 
-0.009 
-0.009 
-0.037 
-0.037 
-0.012 
-0.012 
-0.012 
-0.012 
-0.012 
-0.012 
-0.012 
-0.012 
-0.012 
-0.012 
-0.012 
-0.012 
-0.012 
-0.012 
0.016 
0.016 
-0.009 
-0.009 
-0.009 
-0.009 
-0.009 
-0.009 
-0.009 
-0.009 
-0.009 
-0.009 
-0.037 
-0.037 
-0.012 
-0.012 
0.044 
0.044 
-0.006 
-0.006 
-0.034 
-0.034 
0.019 
0.019 
-0.006 
-0.006 
-0.006 
-0.006 
-0.006 
-0.006 
-0.006 
-0.006 
-0.006 
-0.062 
-0.062 
-0.012 
-0.012 
-0.012 
-0.012 
-0.012 
-0.012 
-0.012 
-0.012 
0.016 
0.016 
-0.009 
-0.009 
0.019 
0.019 
-0.062 
-0.062 
-0.012 
-0.012 
-0.04 
-0.04 
-0.015 
-0.015 
-0.015 
-0.015 
-0.071 
-0.071 
-0.021 
-0.021 
-0.161 
-0.161 
-0.036 
-0.036 
0.076 
0.076 
-0.22 
-0.22 
-0.045 
-0.045 
0.011 
0.011 
-0.039 
-0.039 
-0.095 
-0.095 
-0.101 
-0.101 
-0.051 
-0.051 
-0.107 
-0.107 
-0.057 
-0.057 
-0.085 
-0.085 
-0.004 
-0.004 
-0.054 
-0.054 
-0.194 
-0.194 
-0.069 
-0.069 
-0.097 
-0.097 
-0.016 
-0.016 
-0.066 
-0.066 
-0.094 
-0.094 
-0.069 
-0.069 
-0.097 
-0.097 
-0.268 
-0.268 
-0.093 
-0.093 
-0.317 
-0.317 
-0.117 
-0.117 
-0.173 
-0.173 
-0.123 
-0.123 
1.025 
1.025 
0 
0 
0 
0 
-1.26 
-1.26 
-0.135 
-0.135 
-0.191 
-0.191 
-0.141 
-0.141 
-0.253 
-0.153 
-0.153 
1.947 
1.947 
-2.224 
-2.224 
-0.174 
-0.174 
1.646 
1.646 
0.021 
0.021 
-0.063 
-0.063 
-1.668 
-1.668 
-0.168 
-0.168 
1.932 
1.932 
0.057 
0.057 
-0.055 
-0.055 
0.045 
0.045 
0.213 
0.213 
-0.553 
-0.553 
-0.003 
-0.003 
-1.683 
-1.683 
-0.183 
-0.183 
-0.043 
-0.043 
0 
0 
-0.15 
-0.15 
2.034 
2.034 
0.084 
0.084 
-2.016 
-2.016 
-0.141 
-0.141 
2.267 
2.267 
0.257 
0.257 
0.132 
0.132 
-2.416 
-2.416 
-0.141 
-0.141 
0.083 
0.083 
-0.117 
-0.117 
1.087 
1.087 
0.012 
0.012 
0.012 
0.012 
-1.276 
-1.276 
-0.126 
-0.126 
1.722 
1.722 
-1.776 
-1.776 
-0.126 
-0.126 
0.098 
0.098 
-0.102 
-0.102 
1.018 
1.018 
0.018 
0.018 
-1.13 
-1.13 
-0.189 
-0.189 
-0.114 
-0.114 
0.894 
0.894 
-0.006 
-0.006 
-1.126 
-1.126 
0.07 
0.07 
-0.105 
-0.105 
-0.105 
-0.105 
-0.105 
-0.105 
0.735 
-0.015 
-0.015 
-0.491 
-0.491 
-0.066 
-0.066 
-0.066 
-0.066 
-0.15 
-0.15 
0.009 
0.009 
-0.066 
-0.066 
-0.066 
-0.066 
-0.066 
-0.066 
-0.15 
-0.15 
-0.579 
-0.579 
-0.129 
-0.129 
-0.017 
-0.017 
-0.117 
-0.117 
-0.117 
-0.117 
-0.257 
-0.257 
-0.104 
-0.104 
-0.129 
-0.129 
-0.045 
-0.045 
-0.12 
-0.12 
0.076 
0.076 
-0.099 
-0.099 
-0.099 
-0.099 
0.125 
0.125 
-0.159 
-0.159 
-0.084 
-0.084 
0.028 
0.028 
-0.072 
-0.072 
-0.072 
-0.072 
-0.212 
-0.212 
-0.339 
-0.339 
-0.114 
-0.114 
-0.422 
-0.422 
-0.483 
-0.483 
-0.183 
-0.183 
-0.519 
-0.519 
-0.219 
-0.219 
-0.219 
-0.219 
-0.219 
-0.219 
-0.219 
-0.219 
-0.219 
-0.219 
-0.219 
-0.219 
-0.219 
-0.219 
-0.219 
-0.219 
-0.219 
-0.219 
-0.219 
-0.219 
-0.219 
-0.219 
-0.219 
-0.219 
-0.219 
-0.219 
-0.219 
-0.219 
-0.219 
-0.219 
-0.219 
-0.219 
-0.247 
-0.247 
-0.222 
-0.222 
-0.222 
-0.222 
-0.222 
-0.222 
-0.222 
-0.222 
-0.222 
-0.222 
-0.222 
-0.222 
-0.222 
-0.222 
-0.222 
-0.222 
-0.222 
-0.222 
-0.222 
-0.222 
-0.222 
-0.222 
-0.222 
-0.222 
-0.222 
-0.222 
-0.222 
-0.222 
-0.222 
-0.222 
-0.222 
-0.194 
-0.194 
-0.219 
-0.219 
-0.219 
-0.219 
-0.219 
-0.219 
-0.219 
-0.219 
-0.219 
-0.219 
-0.219 
-0.219 
-0.219 
-0.219 
-0.219 
-0.219 
-0.219 
-0.219 
-0.219 
-0.219 
-0.219 
-0.219 
-0.219 
-0.219 
-0.219 
-0.219 
-0.219 
-0.219 
-0.219 
-0.219 
-0.219 
-0.219 
-0.219 
-0.219 
-0.219 
-0.219 
-0.219 
-0.219 
-0.219 
-0.219 
-0.219 
-0.219 
-0.219 
-0.219 
-0.219 
-0.219 
-0.219 
-0.219 
-0.219 
-0.219 
-0.219 
-0.219 
-0.219 
-0.219 
-0.219 
-0.219 
-0.219 
-0.219 
-0.219 
-0.219 
-0.219 
-0.219 
-0.219 
-0.219 
-0.219 
-0.219 
-0.219 
-0.219 
-0.219 
-0.219 
-0.219 
-0.219 
-0.219 
-0.219 
-0.219 
-0.219 
-0.219 
-0.219 
-0.219 
-0.219 
-0.219 
-0.219 
-0.219 
-0.219 
-0.219 
-0.219 
-0.219 
-0.219 
-0.219 
-0.219 
-0.219 
-0.219 
-0.219 
-0.219 
-0.219 
-0.219 
-0.219 
-0.219 
-0.219 
-0.219 
-0.219 
-0.219 
-0.219 
-0.219 
-0.219 
-0.219 
-0.219 
-0.219 
-0.219 
-0.219 
-0.219 
-0.219 
-0.219 
-0.219 
-0.219 
-0.219 
-0.219 
-0.219 
-0.219 
-0.219 
-0.219 
-0.219 
-0.219 
-0.219 
-0.219 
-0.219 
-0.219 
-0.219 
-0.219 
-0.219 
-0.219 
-0.219 
-0.219 
-0.219 
-0.219 
-0.219 
-0.219 
-0.219 
-0.219 
-0.219 
-0.219 
-0.219 
-0.219 
-0.219 
-0.219 
-0.219 
-0.219 
-0.219 
-0.219 
-0.219 
-0.219 
-0.219 
-0.219 
-0.219 
-0.219 
-0.219 
-0.219 
-0.219 
-0.219 
-0.219 
-0.219 
-0.219 
-0.219 
-0.219 
-0.219 
-0.219 
-0.219 
-0.219 
-0.219 
-0.219 
-0.219 
-0.219 
-0.219 
-0.219 
-0.219 
-0.219 
-0.219 
-0.219 
-0.219 
-0.219 
-0.219 
-0.219 
-0.219 
-0.219 
-0.219 
-0.219 
-0.219 
-0.219 
-0.219 
-0.219 
-0.219 
-0.219 
-0.219 
-0.219 
-0.219 
-0.219 
-0.219 
-0.219 
-0.219 
-0.219 
-0.219 
-0.219 
-0.219 
-0.219 
-0.219 
-0.219 
-0.219 
-0.219 
-0.219 
-0.219 
-0.219 
-0.219 
-0.219 
-0.219 
-0.219 
-0.219 
-0.219 
-0.219 
-0.219 
-0.219 
-0.219 
-0.219 
-0.219 
-0.219 
-0.219 
-0.219 
-0.219 
-0.219 
-0.219 
-0.219 
-0.219 
-0.219 
-0.219 
-0.219 
-0.219 
-0.219 
-0.219 
-0.219 
-0.219 
-0.219 
-0.219 
-0.219 
-0.219 
-0.219 
-0.219 
-0.219 
-0.219 
-0.219 
-0.219 
-0.219 
-0.219 
-0.219 
-0.219 
-0.219 
-0.219 
-0.219 
-0.219 
-0.219 
-0.219 
-0.219 
-0.219 
-0.219 
-0.219 
-0.219 
-0.219 
-0.219 
-0.219 
-0.219 
-0.219 
-0.219 
-0.219 
-0.219 
-0.219 
-0.219 
-0.219 
-0.219 
-0.219 
-0.219 
-0.219 
-0.219 
-0.219 
-0.219 
-0.219 
-0.219 
-0.219 
-0.219 
-0.219 
-0.219 
-0.219 
-0.219 
-0.219 
-0.219 
-0.219 
-0.219 
-0.219 
-0.219 
-0.219 
-0.219 
-0.219 
-0.219 
-0.219 
-0.219 
-0.219 
-0.219 
-0.219 
-0.219 
-0.219 
-0.219 
-0.219 
-0.219 
-0.219 
-0.219 
-0.219 
-0.219 
-0.219 
-0.219 
-0.219 
-0.219 
-0.219 
-0.219 
-0.219 
-0.219 
-0.219 
-0.219 
-0.219 
-0.219 
-0.219 
-0.219 
-0.219 
-0.219 
-0.219 
-0.219 
-0.219 
-0.219 
-0.219 
-0.219 
-0.219 
-0.219 
-0.219 
-0.219 
-0.219 
-0.219 
-0.219 
-0.219 
-0.219 
-0.219 
-0.219 
-0.219 
-0.219 
-0.219 
-0.219 
-0.219 
-0.219 
-0.219 
-0.219 
-0.219 
-0.219 
-0.219 
-0.219 
-0.219 
-0.219 
-0.219 
-0.219 
-0.219 
-0.219 
-0.219 
-0.219 
-0.219 
-0.219 
-0.219 
-0.219 
-0.219 
-0.219 
-0.219 
-0.219 
-0.219 
-0.219 
-0.219 
-0.219 
-0.219 
-0.219 
-0.219 
-0.219 
-0.219 
-0.219 
-0.219 
-0.219 
-0.219 
-0.219 
-0.219 
-0.219 
-0.219 
-0.219 
-0.219 
-0.219 
-0.219 
-0.219 
-0.219 
-0.219 
-0.219 
-0.219 
-0.219 
-0.219 
-0.219 
-0.219 
-0.219 
-0.219 
-0.219 
-0.219 
-0.219 
-0.219 
-0.219 
-0.219 
-0.219 
-0.219 
-0.219 
-0.219 
-0.219 
-0.219 
-0.219 
-0.219 
-0.219 
-0.219 
-0.219 
-0.219 
-0.219 
-0.219 
-0.219 
-0.219 
-0.219 
-0.219 
-0.219 
-0.219 
-0.219 
-0.219 
-0.219 
-0.219 
-0.219 
-0.219 
-0.219 
-0.219 
-0.219 
-0.219 
-0.219 
-0.219 
-0.219 
-0.219 
-0.219 
-0.219 
-0.219 
-0.219 
-0.219 
-0.219 
-0.219 
-0.219 
-0.219 
-0.219 
-0.219 
-0.219 
-0.219 
-0.219 
-0.219 
-0.219 
-0.219 
-0.219 
-0.219 
-0.219 
-0.219 
-0.219 
-0.219 
-0.219 
-0.219 
-0.219 
-0.219 
-0.219 
-0.219 
-0.219 
-0.219 
-0.219 
-0.219 
-0.219 
-0.219 
-0.219 
-0.219 
-0.219 
-0.219 
-0.219 
-0.219 
-0.219 
-0.219 
-0.219 
-0.219 
-0.219 
-0.219 
-0.219 
-0.219 
-0.219 
-0.219 
-0.219 
-0.219 
-0.219 
-0.219 
-0.219 
-0.219 
-0.219 
-0.219 
-0.219 
-0.219 
-0.219 
-0.219 
-0.219 
-0.219 
-0.219 
-0.219 
-0.219 
-0.219 
-0.219 
-0.219 
-0.219 
-0.219 
-0.219 
-0.219 
-0.219 
-0.219 
-0.219 
-0.219 
-0.219 
-0.219 
-0.219 
-0.219 
-0.219 
-0.219 
-0.219 
-0.219 
-0.219 
-0.219 
-0.219 
-0.219 
-0.219 
-0.219 
-0.219 
-0.219 
-0.219 
-0.219 
-0.219 
-0.219 
-0.219 
-0.219 
-0.219 
-0.219 
-0.219 
-0.219 
-0.219 
-0.219 
-0.219 
-0.219 
-0.219 
-0.219 
-0.219 
-0.219 
-0.219 
-0.219 
-0.219 
-0.219 
-0.219 
-0.219 
-0.219 
-0.219 
-0.219 
-0.219 
-0.219 
-0.219 
-0.219 
-0.219 
-0.219 
-0.219 
-0.219 
-0.219 
-0.219 
-0.219 
-0.219 
-0.219 
-0.219 
-0.219 
-0.219 
-0.219 
-0.219 
-0.219 
-0.219 
-0.219 
-0.219 
-0.219 
-0.219 
-0.219 
-0.219 
-0.219 
-0.219 
-0.219 
-0.219 
-0.219 
-0.219 
-0.219 
-0.219 
-0.219 
-0.219 
-0.219 
-0.219 
-0.219 
-0.219 
-0.219 
-0.219 
-0.219 
-0.219 
-0.219 
-0.219 
-0.219 
-0.219 
-0.219 
-0.219 
3.477 
3.477 
0.177 
0.177 
0.177 
0.177 
0.317 
0.192 
0.192 
0.192 
0.192 
0.192 
0.192 
0.192 
0.192 
-1.656 
-1.656 
-0.006 
-0.006 
-0.006 
-0.006 
-1.238 
-1.238 
-0.138 
-0.138 
-0.138 
-0.138 
-0.138 
-0.138 
0.366 
0.366 
-0.084 
-0.084 
-0.084 
-0.084 
0.14 
0.14 
-0.06 
-0.06 
-0.06 
-0.06 
-0.06 
-0.06 
-0.34 
-0.34 
-0.09 
-0.09 
-0.09 
-0.09 
-0.09 
-0.09 
0.918 
0.918 
0.018 
0.018 
0.018 
0.018 
-0.654 
-0.654 
-0.054 
-0.054 
-0.054 
-0.054 
-0.054 
-0.054 
-0.082 
-0.082 
-0.057 
-0.057 
-0.057 
-0.057 
-0.057 
-0.057 
0.727 
0.727 
0.027 
0.027 
0.027 
0.027 
-0.561 
-0.561 
-0.036 
-0.036 
-0.036 
-0.036 
-0.036 
-0.036 
-0.232 
-0.232 
-0.057 
-0.057 
-0.057 
-0.057 
-0.057 
-0.057 
0.475 
0.475 
0 
0 
0 
0 
-0.532 
-0.532 
-0.057 
-0.057 
-0.057 
-0.057 
-0.057 
-0.057 
0.167 
0.167 
-0.033 
-0.033 
-0.033 
-0.033 
-0.033 
-0.033 
-0.453 
-0.453 
-0.078 
-0.078 
-0.078 
-0.078 
-0.078 
0.734 
0.734 
0.009 
0.009 
0.009 
0.009 
0.009 
0.009 
-0.635 
-0.635 
-0.06 
-0.06 
-0.06 
-0.06 
-0.06 
-0.06 
-0.62 
-0.62 
-0.12 
-0.12 
-0.12 
-0.12 
-0.344 
-0.344 
-0.144 
-0.144 
-0.144 
-0.144 
-0.144 
-0.144 
1.032 
1.032 
-0.018 
-0.018 
-0.018 
-0.018 
-0.018 
-0.018 
-0.298 
-0.298 
-0.048 
-0.048 
-0.048 
-0.048 
-0.048 
-0.048 
-0.272 
-0.272 
-0.072 
-0.072 
-0.072 
-0.072 
-0.072 
-0.072 
0.096 
0.096 
-0.054 
-0.054 
-0.054 
-0.054 
-0.054 
-0.054 
-0.222 
-0.222 
-0.072 
-0.072 
-0.072 
-0.072 
-0.072 
-0.072 
0.32 
0.32 
-0.03 
-0.03 
-0.03 
-0.03 
-0.17 
-0.17 
-0.045 
-0.045 
-0.045 
-0.045 
-0.045 
-0.045 
0.347 
0.347 
-0.003 
-0.003 
-0.003 
-0.003 
-0.003 
-0.003 
-1.319 
-1.319 
-0.144 
-0.144 
-0.144 
-0.144 
-0.144 
-0.144 
0.64 
0.64 
-0.06 
-0.06 
-0.06 
-0.06 
-0.06 
-0.116 
-0.116 
-0.066 
-0.066 
-0.066 
-0.066 
-0.066 
-0.066 
-0.626 
-0.626 
-0.126 
-0.126 
-0.126 
-0.126 
-0.126 
-0.126 
0.714 
0.714 
-0.036 
-0.036 
-0.036 
-0.036 
-0.036 
-0.036 
-0.344 
-0.344 
-0.069 
-0.069 
-0.069 
-0.069 
-0.069 
-0.069 
-0.685 
-0.685 
-0.135 
-0.135 
-0.135 
-0.135 
-0.135 
-0.135 
