0 
0 
0 
0 
0 
0 
0 
0 
0 
0 
0 
0 
0 
0 
0 
0 
0 
0 
0 
0 
0 
0 
0 
0 
0 
0 
0 
0 
0 
0 
0 
0 
0 
0 
0 
0 
0 
0 
0 
0 
0 
0 
0 
0 
0 
0 
0 
0 
0 
0 
0 
0 
0 
0 
0 
0 
0 
0 
0 
0 
0 
0 
0 
0 
0 
0 
0 
0 
0 
0 
0 
0 
0 
0 
0 
0 
0 
0 
0 
0 
0 
0 
0 
0 
0 
0 
0 
0 
0 
0 
0 
0 
0 
0 
0 
0 
0 
0 
0 
0 
0 
0 
0 
0 
0 
0 
0 
0 
0 
0 
0 
0 
0 
0 
0 
0 
0 
0 
0 
0 
0 
0 
0 
0 
0 
0 
0 
0 
0 
0 
0 
0 
0 
0 
0 
0 
0 
0 
0 
0 
0 
0 
0 
0 
0 
0 
0 
0 
0 
0 
0 
0 
0 
0 
0 
0 
0 
0 
0 
0 
0 
0 
0 
0 
0 
0 
0 
0 
0 
0 
0 
0 
0 
0 
0 
0 
0 
0 
0 
0 
0 
0 
0 
0 
0 
0 
0 
0 
0 
0 
0 
0 
0 
0 
0 
0 
0 
0 
0 
0 
0 
0 
0 
0 
0 
0 
0 
0 
0 
0 
0 
0 
0 
0 
0 
0 
0 
0 
0 
0 
0 
0 
0 
0 
0 
0 
0 
0 
0 
0 
0 
0 
0 
0 
0 
0 
0 
0 
0 
0 
0.196 
0.196 
0.021 
0.021 
0.021 
0.021 
0.021 
0.021 
0.021 
0.021 
0.021 
0.021 
0.021 
0.021 
0.021 
0.021 
0.021 
0.021 
0.021 
0.021 
0.021 
0.021 
0.021 
0.021 
0.021 
0.021 
0.021 
0.021 
0.021 
0.021 
0.021 
0.021 
0.021 
0.021 
0.021 
0.021 
0.021 
0.021 
0.021 
0.021 
0.021 
0.021 
0.021 
0.021 
0.021 
0.021 
0.021 
0.021 
0.021 
0.021 
0.021 
0.021 
0.021 
0.021 
0.021 
0.021 
0.021 
0.021 
0.021 
0.021 
0.021 
0.021 
0.021 
0.021 
0.021 
0.021 
0.021 
0.021 
0.021 
0.021 
0.021 
0.021 
0.021 
0.021 
0.021 
-1.911 
-1.911 
-0.186 
-0.186 
-0.158 
-0.158 
-0.183 
-0.183 
-0.071 
-0.071 
-0.115 
-0.115 
-0.165 
-0.165 
-0.081 
-0.081 
-0.156 
-0.156 
-0.044 
-0.044 
-0.116 
-0.116 
-0.141 
-0.141 
-0.057 
-0.057 
-0.132 
-0.132 
-0.02 
-0.02 
-0.064 
-0.064 
-0.114 
-0.114 
-0.114 
-0.114 
-0.114 
-0.114 
-0.086 
-0.086 
-0.055 
-0.055 
-0.105 
-0.105 
-0.077 
-0.077 
-0.102 
-0.046 
-0.046 
-0.096 
-0.096 
-0.096 
-0.096 
-0.012 
-0.012 
-0.087 
-0.087 
-0.087 
-0.087 
-0.087 
-0.087 
-0.059 
-0.059 
-0.084 
-0.084 
-0.084 
-0.084 
-0.056 
-0.056 
-0.081 
-0.081 
-0.053 
-0.053 
-0.05 
-0.05 
-0.075 
-0.075 
-0.047 
-0.047 
-0.072 
-0.072 
-0.072 
-0.072 
-0.128 
-0.128 
-0.078 
-0.078 
-0.106 
-0.106 
-0.081 
-0.081 
-0.081 
-0.081 
-0.109 
-0.109 
-0.084 
-0.084 
-0.084 
-0.084 
-0.084 
-0.084 
-0.084 
-0.084 
-0.056 
-0.056 
-0.081 
-0.081 
-0.081 
-0.081 
-0.081 
-0.081 
-0.081 
-0.081 
-0.053 
-0.053 
-0.078 
-0.078 
-0.05 
-0.05 
-0.019 
-0.019 
-0.069 
-0.069 
-0.013 
-0.013 
-0.063 
-0.063 
0.021 
-0.054 
-0.054 
-0.026 
-0.026 
-0.051 
-0.051 
0.005 
0.005 
0.011 
0.011 
-0.039 
-0.039 
0.017 
0.017 
-0.033 
-0.033 
0.051 
0.051 
0.004 
0.004 
-0.021 
-0.021 
0.035 
0.035 
0.041 
0.041 
-0.009 
-0.009 
0.019 
0.019 
-0.006 
-0.006 
0.05 
0.05 
0 
0 
0 
0 
0 
0 
0 
0 
0 
0 
0 
0 
0 
0 
0 
0 
0 
0 
0.112 
0.112 
0.012 
0.012 
0.012 
0.012 
0.012 
0.012 
0.012 
0.012 
0.04 
0.04 
0.043 
0.043 
0.018 
0.018 
0.074 
0.074 
0.024 
0.024 
0.024 
0.024 
0.052 
0.052 
0.027 
0.027 
0.055 
0.055 
0.03 
0.03 
0.058 
0.033 
0.033 
0.061 
0.061 
0.064 
0.064 
0.039 
0.039 
0.067 
0.067 
0.042 
0.042 
0.07 
0.07 
0.073 
0.073 
0.048 
0.048 
0.076 
0.076 
0.051 
0.051 
0.079 
0.079 
0.082 
0.082 
0.057 
0.057 
0.085 
0.085 
0.06 
0.06 
0.06 
0.06 
0.088 
0.088 
0.063 
0.063 
0.091 
0.091 
0.066 
0.066 
0.066 
0.066 
0.094 
0.094 
0.069 
0.069 
0.097 
0.097 
0.072 
0.072 
0.072 
0.072 
0.1 
0.1 
0.075 
0.075 
0.075 
0.075 
0.103 
0.103 
0.078 
0.078 
0.078 
0.078 
0.078 
0.078 
0.106 
0.106 
0.081 
0.081 
0.109 
0.109 
0.084 
0.084 
0.084 
0.084 
0.084 
0.084 
0.084 
0.112 
0.112 
0.087 
0.087 
0.087 
0.087 
0.115 
0.115 
0.09 
0.09 
0.09 
0.09 
0.118 
0.118 
0.093 
0.093 
0.093 
0.093 
0.093 
0.093 
0.121 
0.121 
0.096 
0.096 
0.096 
0.096 
0.096 
0.096 
0.096 
0.096 
0.096 
0.096 
0.096 
0.096 
0.096 
0.096 
0.124 
0.124 
0.099 
0.099 
0.099 
0.099 
0.099 
0.099 
0.099 
0.099 
0.099 
0.099 
0.099 
0.099 
0.127 
0.127 
0.102 
0.102 
0.102 
0.102 
0.102 
0.102 
0.102 
0.102 
0.13 
0.13 
0.105 
0.105 
0.105 
0.105 
0.105 
0.105 
0.133 
0.133 
0.108 
0.108 
0.108 
0.108 
0.108 
0.108 
0.108 
0.108 
0.108 
0.108 
0.108 
0.108 
0.108 
0.108 
0.108 
0.108 
0.108 
0.108 
0.108 
0.108 
0.108 
0.108 
0.108 
0.108 
0.108 
0.108 
0.108 
0.108 
0.108 
0.108 
0.108 
0.108 
0.108 
0.108 
0.108 
0.108 
0.108 
0.108 
0.108 
0.08 
0.08 
0.105 
0.105 
0.105 
0.105 
0.105 
0.105 
0.105 
0.105 
0.105 
0.105 
0.105 
0.105 
0.105 
0.105 
0.105 
0.105 
0.105 
0.105 
0.105 
0.105 
0.105 
0.105 
0.105 
0.105 
0.105 
0.105 
0.105 
0.105 
0.105 
0.105 
0.105 
0.105 
0.105 
0.105 
0.105 
0.105 
0.105 
0.105 
0.105 
0.105 
0.105 
0.105 
0.105 
0.105 
0.105 
0.105 
0.105 
0.105 
0.105 
0.105 
0.105 
0.105 
0.105 
0.105 
0.105 
0.105 
0.105 
0.105 
0.105 
0.105 
0.105 
0.077 
0.077 
0.102 
0.102 
0.102 
0.102 
0.074 
0.074 
0.099 
0.099 
0.099 
0.099 
0.071 
0.071 
0.096 
0.096 
0.096 
0.096 
0.096 
0.096 
0.068 
0.068 
0.093 
0.093 
0.093 
0.093 
0.065 
0.065 
0.09 
0.09 
0.09 
0.09 
0.09 
0.09 
0.09 
0.09 
0.09 
0.09 
0.062 
0.062 
0.087 
0.087 
0.115 
0.115 
0.09 
0.09 
0.09 
0.09 
0.062 
0.062 
0.087 
0.087 
0.087 
0.087 
0.087 
0.087 
0.087 
0.087 
0.087 
0.059 
0.059 
0.084 
0.084 
0.084 
0.084 
0.056 
0.056 
0.081 
0.081 
0.081 
0.081 
0.053 
0.053 
0.078 
0.078 
0.05 
0.05 
0.075 
0.075 
0.075 
0.075 
0.047 
0.047 
0.072 
0.072 
0.072 
0.072 
0.072 
0.072 
0.044 
0.044 
0.069 
0.069 
0.069 
0.069 
0.069 
0.069 
0.069 
0.069 
0.041 
0.041 
0.066 
0.066 
0.066 
0.066 
0.066 
0.066 
0.066 
0.066 
0.038 
0.038 
0.063 
0.063 
0.063 
0.063 
0.063 
0.063 
0.035 
0.035 
0.06 
0.06 
0.06 
0.06 
0.06 
0.06 
0.06 
0.06 
0.06 
0.06 
0.032 
0.032 
0.057 
0.057 
0.057 
0.057 
0.057 
0.057 
0.057 
0.029 
0.029 
0.054 
0.054 
0.054 
0.054 
0.026 
0.026 
0.051 
0.051 
0.051 
0.051 
0.051 
0.051 
0.023 
0.023 
0.048 
0.048 
0.048 
0.048 
0.02 
0.02 
0.045 
0.045 
0.045 
0.045 
0.045 
0.045 
0.045 
0.045 
0.017 
0.017 
0.042 
0.042 
0.042 
0.042 
0.042 
0.042 
0.042 
0.042 
0.014 
0.014 
0.039 
0.039 
0.039 
0.039 
0.039 
0.039 
0.039 
0.039 
0.011 
0.011 
0.036 
0.036 
0.036 
0.036 
0.036 
0.036 
0.036 
0.036 
0.036 
0.036 
0.064 
0.064 
0.039 
0.039 
0.039 
0.039 
0.039 
0.039 
0.039 
0.039 
0.039 
0.039 
0.039 
0.039 
0.039 
0.039 
0.039 
0.011 
0.011 
0.036 
0.036 
0.036 
0.036 
0.036 
0.036 
0.036 
0.036 
0.008 
0.008 
0.033 
0.033 
0.005 
0.005 
0.03 
0.03 
0.03 
0.03 
0.03 
0.03 
0.03 
0.03 
0.002 
0.002 
0.027 
0.027 
0.027 
0.027 
-0.001 
-0.001 
0.024 
0.024 
0.024 
0.024 
-0.004 
-0.004 
0.021 
0.021 
-0.007 
-0.007 
0.018 
0.018 
0.018 
0.018 
0.018 
0.018 
0.018 
0.018 
-0.01 
-0.01 
-0.013 
-0.013 
0.012 
0.012 
0.012 
0.012 
0.012 
0.012 
0.012 
0.012 
0.012 
0.012 
0.012 
0.012 
0.012 
0.012 
0.012 
-0.016 
-0.016 
0.009 
0.009 
0.009 
0.009 
0.009 
0.009 
0.009 
0.009 
0.009 
0.009 
0.009 
0.009 
0.009 
0.009 
0.009 
0.009 
0.009 
0.009 
0.009 
0.009 
0.009 
0.009 
0.009 
0.009 
0.009 
0.009 
0.009 
0.009 
0.009 
0.009 
0.009 
0.009 
0.009 
0.009 
0.009 
0.009 
0.009 
0.009 
-0.019 
-0.019 
0.006 
0.006 
0.006 
0.006 
0.006 
0.006 
0.006 
0.006 
-0.022 
-0.022 
0.003 
0.003 
0.003 
0.003 
-0.025 
-0.025 
0 
0 
0 
0 
0 
0 
0 
0 
0 
0 
0 
0 
0 
0 
0 
0 
0 
0 
0 
0 
0 
0 
0 
0 
0 
0 
0 
0 
0 
0 
0 
0 
0 
0 
0 
0 
0 
0 
0 
0 
0 
0 
0 
0 
0 
0 
0 
0 
0 
0 
0 
0 
0 
0 
0 
0 
0 
0 
0 
0 
0 
0 
0 
0 
0 
0 
0 
0 
0 
0 
0 
-0.028 
-0.028 
-0.003 
-0.003 
0.025 
0.025 
-0.056 
-0.056 
-0.006 
-0.006 
-0.006 
-0.006 
-0.006 
-0.006 
-0.034 
-0.034 
-0.009 
-0.009 
-0.009 
-0.009 
-0.009 
-0.009 
-0.009 
-0.009 
-0.009 
-0.009 
-0.009 
-0.037 
-0.037 
-0.012 
-0.012 
-0.012 
-0.012 
-0.012 
-0.012 
-0.012 
-0.012 
-0.012 
-0.012 
-0.012 
-0.012 
-0.012 
-0.012 
-0.012 
-0.012 
-0.012 
-0.012 
-0.012 
-0.012 
-0.012 
-0.012 
-0.012 
-0.012 
-0.04 
-0.04 
-0.015 
-0.015 
-0.015 
-0.015 
0.013 
0.013 
-0.012 
-0.012 
0.016 
0.016 
-0.009 
-0.009 
-0.037 
-0.037 
0.016 
0.016 
-0.009 
-0.009 
-0.037 
-0.037 
-0.012 
-0.012 
0.016 
0.016 
-0.065 
-0.065 
-0.015 
-0.015 
-0.015 
-0.015 
-0.015 
-0.015 
0.041 
0.041 
-0.009 
-0.009 
-0.009 
-0.009 
-0.009 
-0.009 
-0.009 
-0.009 
-0.009 
-0.009 
-0.009 
-0.009 
-0.009 
0.019 
0.019 
-0.006 
-0.006 
-0.006 
-0.006 
-0.006 
-0.006 
-0.006 
-0.006 
0.022 
0.022 
-0.003 
-0.003 
-0.003 
-0.003 
-0.003 
-0.003 
0.025 
0.025 
0 
0 
0 
0 
0 
0 
0 
0 
0 
0 
0 
0 
0 
0 
0 
0 
0 
0 
0 
0 
0 
0 
0 
0 
0.028 
0.028 
0.003 
0.003 
0.003 
0.003 
-0.025 
-0.025 
0 
0 
0.028 
0.028 
0.003 
0.003 
0.003 
0.003 
0.003 
0.003 
0.003 
0.003 
0.031 
0.031 
0.006 
0.006 
0.006 
0.006 
-0.022 
-0.022 
0.003 
0.031 
0.031 
0.006 
0.006 
0.006 
0.006 
-0.022 
-0.022 
0.003 
0.003 
0.031 
0.031 
0.006 
0.006 
0.006 
0.006 
0.006 
0.006 
0.006 
0.006 
0.006 
0.006 
0.006 
0.006 
0.034 
0.034 
-0.019 
-0.019 
0.006 
0.006 
0.034 
0.034 
0.009 
0.009 
0.009 
0.009 
0.009 
0.009 
0.009 
0.009 
0.009 
0.009 
0.009 
0.009 
0.009 
0.009 
0.009 
0.009 
0.009 
0.009 
0.009 
0.009 
0.009 
0.009 
-0.019 
-0.019 
0.006 
0.006 
0.006 
0.006 
0.006 
0.006 
0.006 
0.006 
0.034 
0.034 
0.009 
0.009 
0.009 
0.009 
0.009 
0.009 
0.009 
0.009 
0.009 
0.009 
0.009 
0.009 
0.009 
0.009 
0.009 
0.009 
0.009 
0.037 
0.037 
0.012 
0.012 
0.012 
0.012 
0.04 
0.04 
0.015 
0.015 
0.015 
0.015 
0.043 
0.043 
0.018 
0.018 
0.018 
0.018 
0.018 
0.018 
0.046 
0.046 
0.021 
0.021 
0.021 
0.021 
0.021 
0.021 
0.021 
0.021 
0.021 
0.021 
0.021 
0.021 
0.021 
0.021 
0.021 
0.021 
0.021 
0.021 
0.021 
0.021 
0.021 
0.021 
0.021 
0.021 
0.021 
0.021 
0.273 
0.273 
0.048 
0.048 
0.076 
0.076 
0.051 
0.051 
0.079 
0.079 
0.054 
0.054 
0.054 
0.054 
0.054 
0.054 
0.054 
0.054 
0.082 
0.057 
0.057 
0.085 
0.085 
0.06 
0.06 
0.116 
0.116 
0.094 
0.094 
0.069 
0.069 
0.069 
0.069 
0.069 
0.069 
0.069 
0.069 
0.041 
0.041 
0.066 
0.066 
0.066 
0.066 
0.094 
0.094 
0.069 
0.069 
0.069 
0.069 
0.069 
0.069 
0.097 
0.097 
0.072 
0.072 
0.072 
0.072 
0.1 
0.1 
0.075 
0.075 
0.103 
0.103 
0.106 
0.106 
0.081 
0.081 
0.081 
0.081 
0.081 
0.081 
0.109 
0.109 
0.084 
0.084 
0.084 
0.084 
0.14 
0.14 
0.09 
0.09 
0.118 
0.118 
0.093 
0.093 
0.093 
0.093 
0.149 
0.149 
0.099 
0.099 
0.099 
0.099 
0.099 
0.099 
0.099 
0.099 
0.099 
0.099 
0.099 
0.099 
0.099 
0.099 
0.099 
0.127 
0.127 
0.102 
0.102 
0.102 
0.102 
0.102 
0.102 
0.102 
0.102 
0.13 
0.13 
0.133 
0.133 
0.108 
0.108 
0.164 
0.164 
0.114 
0.114 
0.142 
0.142 
0.173 
0.173 
0.123 
0.123 
-3.013 
-3.013 
-0.213 
-0.213 
3.063 
3.063 
0.194 
0.194 
0.144 
0.144 
-3.076 
-3.076 
-0.201 
-0.201 
-0.173 
-0.173 
3.022 
3.022 
0.147 
0.147 
0.175 
0.175 
0.15 
0.15 
0.15 
0.15 
0.122 
0.122 
0.147 
0.147 
0.147 
0.147 
0.147 
0.147 
0.119 
0.119 
-3.16 
-3.16 
-0.21 
-0.21 
3.01 
3.01 
0.079 
0.079 
0.129 
0.129 
0.045 
0.12 
0.12 
0.036 
0.036 
0.111 
0.111 
-0.001 
-0.001 
-0.013 
-0.013 
0.087 
0.087 
0.003 
0.003 
0.078 
0.078 
-0.006 
-0.006 
-0.015 
-0.015 
0.06 
0.06 
0.004 
0.004 
0.054 
0.054 
-0.03 
-0.03 
-0.011 
-0.011 
0.039 
0.039 
0.039 
0.039 
0.039 
0.039 
0.039 
0.039 
-0.045 
-0.045 
0.03 
0.03 
0.002 
0.002 
0.027 
0.027 
0.027 
0.027 
0.027 
0.027 
0.027 
0.027 
0.055 
0.055 
0.03 
0.03 
0.058 
0.058 
0.033 
0.033 
0.033 
0.033 
0.033 
0.033 
0.033 
0.033 
0.033 
0.033 
0.033 
0.033 
0.033 
0.033 
0.033 
0.033 
0.033 
0.033 
0.005 
0.005 
0.03 
0.03 
0.03 
0.03 
0.03 
0.002 
0.002 
-0.001 
-0.001 
0.024 
0.024 
-0.004 
-0.004 
0.021 
0.021 
0.021 
0.021 
-0.035 
-0.035 
0.015 
0.015 
-0.013 
-0.013 
-0.016 
-0.016 
0.009 
0.009 
-0.019 
-0.019 
0.006 
0.006 
-0.022 
-0.022 
-0.025 
-0.025 
0 
0 
0 
0 
0 
0 
0 
0 
0 
0 
0 
0 
0 
0 
0 
0 
0 
0 
0 
0 
0 
0 
0 
0 
0 
0 
0 
0 
0 
0 
0 
0 
0 
0 
0 
0 
0 
0 
0 
0 
0 
0 
0 
0 
0 
0 
0 
0 
0 
0 
0 
0 
0 
0 
0 
0 
0 
0 
0 
0 
0 
0 
0 
0 
0 
0 
0 
0 
0 
0 
0 
0 
0 
0 
0 
0 
0 
0 
0 
0 
0 
0 
0 
0 
0 
0 
0 
0 
0 
0 
0 
0 
0 
0 
0 
0 
0 
0 
0 
0 
0 
0 
0 
0 
0 
0 
0 
0 
0 
0 
0 
0 
0 
0 
0 
0 
0 
0 
0 
0 
0 
0 
0 
0 
0 
0 
0 
0 
0 
0 
0 
0 
0 
0 
0 
0 
0 
0 
0 
0 
0 
0 
0 
0 
0 
0 
0 
0 
0 
0 
0 
0 
0 
0 
0 
0 
0 
0 
0 
0 
0 
0 
0 
0 
0 
0 
0 
0 
0 
0 
0 
0 
0 
-0.7 
-0.7 
-0.075 
-0.075 
-0.075 
-0.075 
-0.075 
-0.075 
-0.075 
-0.075 
-0.075 
-0.103 
-0.103 
-0.078 
-0.078 
-0.106 
-0.106 
-0.081 
-0.081 
-0.081 
-0.081 
-0.109 
-0.109 
-0.084 
-0.084 
-0.084 
-0.084 
-0.084 
-0.084 
-0.084 
-0.084 
-0.112 
-0.112 
-0.087 
-0.087 
-0.115 
-0.115 
-0.09 
-0.09 
-0.09 
-0.09 
-0.118 
-0.118 
-0.093 
-0.093 
-0.093 
-0.093 
-0.121 
-0.121 
-0.096 
-0.096 
-0.096 
-0.096 
-0.096 
-0.096 
-0.124 
-0.124 
-0.099 
-0.099 
-0.099 
-0.099 
-0.071 
-0.071 
-0.096 
-0.096 
-0.096 
-0.096 
-0.096 
-0.096 
-0.096 
-0.096 
-0.096 
-0.096 
-0.096 
-0.096 
-0.068 
-0.068 
-0.065 
-0.065 
-0.09 
-0.09 
-0.09 
-0.09 
-0.034 
-0.034 
-0.084 
-0.084 
-0.084 
-0.084 
-0.084 
-0.084 
0 
0 
-0.075 
-0.075 
-0.075 
-0.075 
-0.075 
-0.075 
-0.075 
-0.075 
-0.103 
-0.103 
-0.078 
-0.078 
0.006 
0.006 
-0.069 
-0.069 
-0.069 
-0.069 
-0.069 
-0.069 
-0.069 
-0.069 
-0.069 
-0.069 
-0.069 
-0.069 
-0.069 
0.071 
0.071 
-0.054 
-0.054 
-0.054 
-0.054 
-0.054 
-0.054 
-0.082 
-0.082 
-0.000999998 
-0.000999998 
-0.051 
-0.051 
-0.051 
-0.051 
-0.051 
-0.051 
-0.023 
-0.023 
-0.02 
-0.02 
-0.045 
-0.045 
-0.017 
-0.017 
-0.042 
-0.042 
0.014 
0.014 
-0.092 
-0.092 
-0.042 
-0.042 
-0.014 
-0.014 
-0.039 
-0.039 
0.101 
0.101 
-0.08 
-0.08 
-0.03 
-0.03 
-0.03 
-0.03 
-0.03 
-0.03 
-0.086 
-0.086 
-0.148 
-0.148 
-0.048 
-0.048 
-0.076 
-0.076 
-0.051 
-0.051 
-0.023 
-0.023 
-0.16 
-0.16 
-0.06 
-0.06 
-0.032 
-0.032 
-0.057 
-0.057 
-0.029 
-0.029 
-0.194 
-0.194 
-0.069 
-0.069 
-0.181 
-0.181 
-0.081 
-0.081 
-0.053 
-0.053 
-0.218 
-0.218 
-0.093 
-0.093 
-0.065 
-0.065 
-0.09 
-0.09 
-0.09 
-0.09 
-0.09 
-0.09 
-0.09 
-0.09 
-0.09 
-0.09 
-0.23 
-0.23 
-0.105 
-0.105 
-0.161 
-0.161 
-0.111 
-0.111 
-0.139 
-0.114 
-0.114 
-0.114 
-0.114 
-0.338 
-0.338 
-0.026 
-0.026 
-0.126 
-0.126 
-0.294 
-0.294 
-0.144 
-0.144 
0.108 
0.108 
-0.117 
-0.117 
-0.117 
-0.117 
-0.117 
-0.117 
-0.705 
-0.705 
-0.18 
-0.18 
-0.096 
-0.096 
-0.171 
-0.171 
-0.227 
-0.227 
-0.177 
-0.177 
-0.177 
-0.177 
-0.177 
-0.177 
-0.177 
-0.177 
-0.177 
-0.177 
-0.177 
-0.177 
-0.177 
-0.177 
-0.177 
-0.177 
-0.177 
-0.177 
-0.177 
-0.177 
-0.177 
-0.177 
-0.177 
-0.177 
-0.177 
-0.177 
-0.177 
-0.177 
-0.177 
-0.177 
-0.177 
-0.177 
-0.177 
-0.177 
-0.177 
-0.177 
-0.177 
-0.177 
-0.177 
-0.177 
-0.177 
-0.177 
-0.177 
-0.177 
-0.177 
-0.177 
-0.177 
-0.177 
-0.177 
-0.177 
-0.177 
-0.177 
-0.177 
-0.177 
-0.177 
-0.177 
-0.177 
-0.177 
-0.177 
-0.177 
-0.177 
-0.177 
-0.177 
-0.177 
-0.177 
-0.177 
-0.177 
-0.177 
-0.177 
-0.177 
-0.177 
-0.177 
-0.177 
-0.177 
-0.177 
-0.177 
-0.177 
-0.177 
-0.177 
-0.177 
-0.177 
-0.177 
-0.177 
-0.177 
-0.177 
-0.177 
-0.177 
-0.177 
-0.177 
-0.177 
-0.177 
-0.177 
-0.177 
-0.177 
-0.177 
-0.177 
-0.177 
-0.177 
-0.177 
-0.177 
-0.177 
-0.177 
-0.177 
-0.177 
-0.177 
-0.177 
-0.177 
-0.177 
-0.177 
-0.177 
-0.177 
-0.177 
-0.177 
-0.177 
-0.177 
-0.177 
-0.177 
-0.177 
-0.177 
-0.177 
-0.177 
-0.177 
-0.177 
-0.177 
-0.177 
-0.177 
-0.177 
-0.177 
-0.177 
-0.177 
-0.177 
-0.177 
-0.177 
-0.177 
-0.177 
-0.177 
-0.177 
-0.177 
-0.177 
-0.177 
-0.177 
-0.177 
-0.177 
-0.205 
-0.205 
-0.18 
-0.18 
-0.152 
-0.152 
-0.233 
-0.233 
-0.183 
-0.183 
-0.127 
-0.127 
-0.177 
-0.177 
-0.233 
-0.233 
-0.183 
-0.183 
-0.183 
-0.183 
-0.127 
-0.127 
-0.177 
-0.177 
-0.177 
-0.177 
-0.177 
-0.177 
-0.177 
-0.177 
-0.205 
-0.205 
-0.18 
-0.18 
-0.18 
-0.18 
-0.18 
-0.18 
-0.096 
-0.096 
-0.227 
-0.227 
-0.177 
-0.177 
-0.233 
-0.233 
-0.071 
-0.071 
-0.171 
-0.171 
-0.171 
-0.171 
-0.171 
-0.171 
-0.171 
-0.171 
-0.171 
-0.171 
-0.171 
-0.171 
-0.171 
-0.171 
-0.171 
-0.171 
-0.171 
-0.171 
-0.171 
-0.171 
-0.171 
-0.171 
-0.171 
-0.171 
-0.171 
-0.171 
-0.171 
-0.171 
-0.171 
-0.171 
-0.171 
-0.171 
-0.171 
-0.171 
-0.171 
-0.171 
-0.171 
-0.171 
-0.171 
-0.171 
-0.171 
-0.171 
-0.171 
-0.171 
-0.171 
-0.171 
-0.171 
-0.171 
-0.171 
-0.171 
-0.171 
-0.171 
-0.171 
-0.171 
-0.171 
-0.171 
-0.171 
-0.171 
-0.171 
-0.171 
-0.171 
-0.171 
-0.171 
-0.171 
-0.171 
-0.171 
-0.171 
-0.171 
-0.171 
-0.171 
-0.171 
-0.171 
-0.171 
-0.171 
-0.171 
-0.171 
-0.171 
-0.171 
-0.171 
-0.171 
-0.171 
-0.171 
-0.171 
-0.171 
-0.171 
-0.171 
-0.171 
-0.171 
-0.171 
-0.171 
-0.171 
-0.171 
-0.171 
-0.171 
-0.171 
-0.171 
-0.171 
-0.171 
-0.171 
-0.339 
-0.339 
-0.077 
-0.077 
-0.177 
-0.177 
-0.177 
-0.177 
-0.177 
-0.177 
-0.037 
-0.037 
0.00600001 
0.00600001 
-0.144 
-0.144 
-0.144 
-0.00400001 
-0.00400001 
-0.129 
-0.129 
-0.129 
-0.129 
-0.129 
-0.129 
-0.129 
-0.129 
-0.129 
-0.129 
-0.465 
-0.465 
-0.165 
-0.165 
-0.165 
-0.165 
-0.165 
-0.165 
-0.221 
-0.221 
-0.143 
-0.143 
-0.168 
-0.168 
-0.084 
-0.084 
-0.159 
-0.159 
-0.187 
-0.187 
-0.134 
-0.134 
-0.159 
-0.159 
-0.103 
-0.103 
-0.153 
-0.153 
-0.153 
-0.153 
-0.041 
-0.041 
-0.141 
-0.141 
0.167 
0.167 
-0.108 
-0.108 
-0.248 
-0.248 
0.185 
0.185 
-0.09 
-0.09 
-0.062 
-0.062 
-0.087 
-0.087 
-0.143 
-0.143 
-0.009 
-0.009 
-0.084 
-0.084 
-0.14 
-0.14 
0.106 
0.106 
-0.069 
-0.069 
-0.349 
-0.349 
-0.099 
-0.099 
0.097 
0.097 
-0.33 
-0.33 
-0.105 
-0.105 
-0.077 
-0.077 
-0.102 
-0.102 
0.122 
0.122 
-0.078 
-0.078 
-0.078 
-0.078 
-0.078 
-0.078 
-0.078 
-0.078 
-0.302 
-0.302 
-0.074 
-0.074 
-0.099 
-0.099 
-0.099 
-0.099 
-0.099 
-0.099 
0.181 
0.181 
-0.237 
-0.087 
-0.087 
-0.087 
-0.087 
-0.087 
-0.087 
-0.059 
-0.059 
-0.084 
-0.084 
-0.028 
-0.028 
-0.078 
-0.078 
0.006 
0.006 
-0.069 
-0.069 
-0.069 
-0.069 
0.015 
0.015 
-0.06 
-0.06 
-0.396 
-0.396 
0.24 
0.24 
-0.06 
-0.06 
0.192 
0.192 
-0.033 
-0.033 
-0.229 
-0.229 
-0.054 
-0.054 
-0.054 
-0.054 
-0.054 
-0.054 
-0.054 
-0.054 
-0.334 
-0.334 
-0.084 
-0.084 
-0.168 
-0.168 
-0.093 
-0.093 
0.075 
0.075 
-0.075 
-0.075 
-0.355 
-0.355 
-0.105 
-0.105 
-0.161 
-0.161 
-0.111 
-0.111 
-0.111 
-0.111 
-0.167 
-0.167 
-0.117 
-0.117 
0.079 
0.079 
-0.348 
-0.348 
-0.123 
-0.123 
-0.095 
-0.095 
-0.148 
-0.148 
-0.123 
-0.123 
-0.151 
-0.151 
-0.126 
-0.126 
-0.126 
-0.126 
-0.042 
-0.042 
-0.117 
-0.117 
-0.173 
-0.173 
0.129 
0.129 
-0.096 
-0.096 
-0.292 
-0.292 
-0.061 
-0.061 
-0.111 
-0.111 
-0.083 
-0.083 
-0.08 
-0.08 
-0.105 
-0.105 
0.147 
-0.078 
-0.078 
-0.274 
-0.274 
-0.015 
-0.015 
-0.09 
-0.09 
0.106 
0.106 
-0.069 
-0.069 
-0.321 
-0.321 
0.156 
0.156 
-0.069 
-0.069 
-0.349 
-0.349 
-0.099 
-0.099 
-0.127 
-0.127 
0.15 
0.15 
-0.075 
-0.075 
-0.187 
-0.187 
-0.087 
-0.087 
-0.311 
-0.311 
-0.111 
-0.111 
-0.111 
-0.111 
0.113 
0.113 
-0.087 
-0.087 
-0.199 
-0.199 
-0.127 
-0.127 
-0.102 
-0.102 
-0.046 
-0.046 
-0.096 
-0.096 
-0.18 
-0.18 
0.175 
0.175 
-0.075 
-0.075 
-0.299 
-0.299 
-0.043 
-0.043 
-0.093 
-0.093 
-0.317 
-0.317 
-0.117 
-0.117 
0.051 
0.051 
-0.295 
-0.295 
-0.12 
-0.12 
-0.204 
-0.204 
-0.129 
-0.129 
0.011 
0.011 
-0.338 
-0.338 
-0.138 
-0.138 
-0.026 
-0.026 
-0.126 
-0.126 
-0.238 
-0.238 
-0.222 
-0.222 
-0.147 
-0.147 
-0.147 
-0.147 
-0.147 
-0.147 
0.049 
0.049 
-0.126 
-0.126 
-0.126 
-0.126 
-0.322 
-0.322 
-0.147 
-0.147 
-0.035 
-0.035 
-0.051 
-0.051 
-0.126 
-0.182 
-0.182 
-0.132 
-0.132 
-0.132 
-0.132 
-0.132 
-0.132 
-0.328 
-0.328 
-0.153 
-0.153 
-0.153 
-0.153 
-0.153 
-0.153 
-0.153 
-0.153 
-0.153 
-0.153 
-0.181 
-0.181 
-0.016 
-0.016 
-0.141 
-0.141 
-0.225 
-0.225 
-0.15 
-0.15 
-0.15 
-0.15 
-0.122 
-0.122 
-0.147 
-0.147 
-0.175 
-0.175 
-0.15 
-0.15 
-0.15 
-0.15 
-0.15 
-0.15 
-0.178 
-0.178 
-0.153 
-0.153 
-0.265 
-0.265 
-0.165 
-0.165 
-0.165 
-0.165 
-0.165 
-0.165 
-0.165 
-0.165 
-0.137 
-0.137 
-0.19 
-0.19 
-0.165 
-0.165 
-0.109 
-0.109 
-0.299 
-0.299 
-0.174 
-0.174 
-0.174 
-0.174 
-0.174 
-0.174 
-0.174 
-0.174 
-0.174 
-0.174 
-0.174 
-0.174 
-0.174 
-0.174 
-0.174 
-0.174 
-0.146 
-0.146 
-0.171 
-0.171 
-0.199 
-0.199 
-0.23 
-0.23 
-0.18 
-0.18 
-0.124 
-0.124 
-0.174 
-0.174 
-0.174 
-0.174 
-0.174 
-0.174 
-0.174 
-0.174 
-0.174 
-0.174 
-0.174 
-0.174 
-0.174 
-0.034 
-0.034 
-0.159 
-0.159 
-0.159 
-0.159 
-0.159 
-0.159 
-0.187 
-0.187 
-0.162 
-0.162 
-0.078 
-0.078 
-0.097 
-0.097 
-0.147 
-0.147 
-0.175 
-0.175 
-0.15 
-0.15 
-0.01 
-0.01 
-0.079 
-0.079 
-0.129 
-0.129 
-0.129 
-0.129 
-0.157 
-0.157 
-0.132 
-0.132 
-0.104 
-0.104 
-0.129 
-0.129 
-0.241 
-0.241 
-0.169 
-0.169 
-0.144 
-0.144 
-0.228 
-0.228 
-0.153 
-0.153 
-0.153 
-0.153 
-0.125 
-0.125 
-0.15 
-0.15 
-0.122 
-0.122 
-0.147 
-0.147 
-0.231 
-0.231 
-0.212 
-0.212 
-0.162 
-0.162 
-0.274 
-0.274 
-0.174 
-0.174 
-0.174 
-0.174 
-0.23 
-0.23 
-0.18 
-0.18 
-0.18 
-0.18 
-0.18 
-0.18 
-0.18 
-0.18 
-0.18 
-0.18 
-0.18 
-0.18 
-0.18 
-0.18 
-0.18 
-0.18 
-0.18 
-0.18 
-0.18 
-0.18 
-0.18 
-0.18 
-0.18 
-0.18 
-0.18 
-0.18 
-0.18 
-0.18 
-0.18 
-0.18 
-0.18 
-0.18 
-0.18 
-0.18 
-0.18 
-0.152 
-0.152 
-0.177 
-0.177 
-0.177 
-0.177 
-0.205 
-0.205 
-0.18 
-0.18 
-0.152 
-0.152 
-0.177 
-0.177 
-0.177 
-0.177 
-0.177 
-0.177 
-0.177 
-0.177 
0.663 
0.663 
-0.087 
-0.087 
0.025 
0.025 
-0.075 
-0.075 
-0.747 
-0.747 
-0.147 
-0.147 
0.301 
0.301 
-0.099 
-0.099 
0.013 
0.013 
-0.087 
-0.087 
-0.563 
-0.563 
-0.138 
-0.138 
0.086 
0.086 
-0.114 
-0.114 
-0.422 
-0.422 
0.245 
0.245 
-0.105 
-0.105 
-0.581 
-0.581 
-0.156 
-0.156 
-0.212 
-0.212 
-0.162 
-0.162 
2.134 
2.134 
0.084 
0.084 
-2.268 
-2.268 
-0.168 
-0.168 
2.772 
2.772 
0.147 
0.147 
-0.357 
-0.357 
0.093 
0.093 
0.289 
0.289 
0.114 
0.114 
-0.782 
-0.782 
0.018 
0.018 
0.018 
0.018 
-0.01 
-0.01 
0.015 
0.015 
0.043 
0.043 
0.018 
0.018 
0.018 
0.018 
1.222 
1.222 
0.147 
0.147 
0.147 
0.147 
-0.609 
0.066 
0.066 
0.066 
0.066 
0.962 
0.962 
0.162 
0.162 
0.162 
0.162 
-0.146 
-0.146 
0.129 
0.129 
0.129 
0.129 
0.325 
0.325 
0.15 
0.15 
0.15 
0.15 
0.234 
0.234 
0.159 
0.159 
0.159 
0.159 
0.047 
0.047 
0.147 
0.147 
0.147 
0.147 
-0.497 
-0.497 
0.078 
0.078 
0.078 
0.078 
0.05 
0.05 
0.075 
0.075 
0.075 
0.075 
0.495 
0.495 
0.12 
0.12 
0.12 
0.12 
-0.384 
-0.384 
0.066 
0.066 
0.066 
0.066 
0.262 
0.262 
0.087 
0.087 
0.087 
0.087 
0.087 
0.087 
0.087 
0.087 
-0.025 
-0.025 
0.075 
0.075 
0.075 
0.075 
0.299 
0.299 
0.099 
0.099 
0.099 
0.099 
-0.237 
-0.237 
0.063 
0.063 
0.063 
0.063 
0.203 
0.203 
0.078 
0.078 
0.078 
0.078 
0.05 
0.05 
0.075 
0.075 
0.075 
0.075 
0.075 
0.075 
0.075 
0.075 
0.075 
0.075 
1.587 
0.237 
0.237 
0.237 
0.237 
0.237 
0.237 
-1.275 
-1.275 
0.075 
0.075 
0.075 
0.075 
0.075 
0.075 
0.075 
0.075 
0.075 
0.075 
-0.009 
-0.009 
0.066 
0.066 
0.066 
0.066 
1.662 
1.662 
0.237 
0.237 
0.237 
0.237 
-1.359 
-1.359 
0.066 
0.066 
0.066 
0.066 
1.662 
1.662 
0.237 
0.237 
0.237 
0.237 
-1.387 
-1.387 
0.063 
0.063 
0.063 
0.063 
0.147 
0.147 
0.072 
0.072 
0.856 
0.856 
0.156 
0.156 
0.156 
0.156 
-0.628 
-0.628 
0.072 
0.072 
0.072 
0.072 
0.072 
0.072 
0.072 
0.072 
0.072 
0.072 
1.584 
1.584 
0.234 
0.234 
0.234 
0.234 
-1.278 
-1.278 
0.072 
0.072 
0.072 
0.072 
-0.012 
-0.012 
0.063 
0.063 
0.063 
0.063 
0.931 
0.931 
0.156 
0.156 
0.156 
0.156 
-0.712 
-0.712 
0.063 
0.063 
0.063 
0.063 
1.687 
1.687 
0.237 
0.237 
0.237 
0.237 
0.209 
0.234 
0.234 
0.234 
0.234 
0.234 
0.234 
-2.202 
-2.202 
-0.027 
-0.027 
-0.027 
-0.027 
0.925 
0.925 
0.075 
0.075 
0.075 
0.075 
1.587 
1.587 
0.237 
0.237 
0.237 
0.237 
-1.359 
-1.359 
0.066 
0.066 
0.066 
0.066 
0.122 
0.122 
0.072 
0.072 
0.072 
0.072 
0.072 
0.072 
0.072 
0.072 
0.072 
0.072 
0.856 
0.856 
0.156 
0.156 
0.156 
0.156 
-1.524 
-1.524 
-0.024 
-0.024 
-0.024 
-0.024 
0.872 
0.872 
0.072 
0.072 
0.072 
0.072 
-0.824 
-0.824 
-0.024 
-0.024 
2.412 
2.412 
0.237 
0.237 
0.237 
0.237 
-1.303 
-1.303 
0.072 
0.072 
0.072 
0.072 
0.856 
0.856 
0.156 
0.156 
0.156 
0.156 
-0.628 
-0.628 
0.072 
0.072 
0.072 
0.072 
1.584 
1.584 
0.234 
0.234 
0.234 
0.234 
-0.466 
-0.466 
0.159 
0.159 
0.159 
0.159 
-0.653 
-0.653 
0.072 
0.072 
0.072 
0.072 
1.612 
1.612 
0.237 
0.237 
0.237 
0.237 
0.237 
-1.303 
-1.303 
0.072 
0.072 
0.072 
0.072 
0.1 
0.1 
0.075 
0.075 
0.075 
0.075 
-0.037 
-0.037 
0.063 
0.063 
0.063 
0.063 
0.147 
0.147 
0.072 
0.072 
1.612 
1.612 
0.237 
0.237 
0.237 
0.237 
-1.275 
-1.275 
0.075 
0.075 
0.075 
0.075 
0.859 
0.859 
0.159 
0.159 
0.159 
0.159 
-0.653 
-0.653 
0.072 
0.072 
0.072 
0.072 
-0.012 
-0.012 
0.063 
0.063 
0.063 
0.063 
0.175 
0.175 
0.075 
0.075 
0.075 
0.075 
1.559 
1.559 
0.234 
0.234 
0.234 
0.234 
-0.494 
-0.494 
0.156 
0.156 
0.156 
0.156 
-0.712 
-0.712 
0.063 
0.063 
0.063 
0.063 
0.091 
0.091 
0.066 
0.066 
0.066 
0.066 
1.634 
1.634 
0.234 
0.234 
0.234 
0.234 
-1.25 
-1.25 
0.075 
0.075 
0.075 
0.075 
1.587 
1.587 
0.237 
0.237 
0.237 
0.237 
-1.275 
-1.275 
0.075 
0.075 
0.075 
0.859 
0.859 
0.159 
0.159 
0.159 
0.159 
-0.709 
-0.709 
0.066 
0.066 
0.066 
0.066 
0.122 
0.122 
0.072 
0.072 
0.072 
0.072 
0.1 
0.1 
0.075 
0.075 
0.075 
0.075 
0.047 
0.047 
0.072 
0.072 
0.072 
0.072 
0.072 
0.072 
0.072 
0.072 
0.072 
0.072 
-0.012 
-0.012 
0.063 
0.063 
0.063 
0.063 
0.147 
0.147 
0.072 
0.072 
0.072 
0.072 
-0.824 
-0.824 
-0.024 
-0.024 
-0.024 
-0.024 
0.9 
0.9 
0.075 
0.075 
0.075 
0.075 
0.859 
0.859 
0.159 
0.159 
0.159 
0.159 
-0.625 
-0.625 
0.075 
0.075 
0.075 
0.075 
1.587 
1.587 
0.237 
0.237 
0.237 
0.237 
0.237 
0.237 
0.237 
0.237 
0.237 
0.237 
-1.303 
-1.303 
0.072 
0.072 
0.072 
0.072 
-0.852 
-0.852 
-0.027 
-0.027 
-0.027 
-0.027 
0.897 
0.897 
0.072 
0.072 
0.072 
0.072 
1.612 
1.612 
0.237 
0.237 
0.237 
0.237 
-1.275 
0.075 
0.075 
0.075 
0.075 
-0.037 
-0.037 
0.063 
0.063 
0.063 
0.063 
0.091 
0.091 
0.066 
0.066 
0.066 
0.066 
1.662 
1.662 
0.237 
0.237 
0.237 
0.237 
-1.359 
-1.359 
0.066 
0.066 
0.066 
0.066 
0.15 
0.15 
0.075 
0.075 
0.075 
0.075 
-0.009 
-0.009 
0.066 
0.066 
0.066 
0.066 
0.934 
0.934 
0.159 
0.159 
0.159 
0.159 
-0.653 
-0.653 
0.072 
0.072 
0.072 
0.072 
0.1 
0.1 
0.075 
0.075 
0.075 
0.075 
0.859 
0.859 
0.159 
0.159 
0.159 
0.159 
-0.653 
-0.653 
0.072 
0.072 
0.072 
0.072 
0.884 
0.884 
0.159 
0.159 
0.159 
0.159 
-0.737 
-0.737 
0.063 
0.063 
0.063 
0.063 
-0.777 
-0.777 
