0 
-0.98 
-0.98 
-0.105 
-0.105 
3.087 
3.087 
0.237 
0.237 
-2.955 
-2.955 
-0.105 
-0.105 
-0.105 
-0.105 
-0.105 
-0.105 
3.087 
3.087 
0.237 
0.237 
0.237 
-2.955 
-2.955 
-0.105 
-0.105 
-0.105 
-0.105 
-0.105 
-0.105 
3.087 
3.087 
0.237 
0.237 
-2.955 
-2.955 
-0.105 
-0.105 
-0.105 
-0.105 
-0.105 
-0.105 
-0.105 
-0.105 
-0.105 
-0.105 
3.087 
3.087 
0.237 
0.237 
0.237 
0.237 
0.237 
0.237 
-2.955 
-2.955 
-0.105 
-0.105 
-0.105 
-0.105 
-0.105 
-0.105 
3.087 
3.087 
0.237 
0.237 
-2.955 
-2.955 
-0.105 
-0.105 
3.087 
3.087 
0.237 
0.237 
0.237 
0.237 
0.237 
0.237 
-2.955 
-2.955 
-0.105 
-0.105 
-0.105 
-0.105 
-0.105 
-0.105 
-0.105 
-0.105 
-0.105 
-0.105 
-0.105 
-0.105 
-0.105 
-0.105 
-0.105 
-0.105 
-0.105 
-0.105 
-0.105 
-0.105 
-0.105 
3.087 
3.087 
0.237 
0.237 
0.237 
0.237 
0.237 
0.237 
-2.955 
-2.955 
-0.105 
-0.105 
3.087 
3.087 
0.237 
0.237 
0.237 
0.237 
0.237 
0.237 
0.237 
0.237 
0.237 
0.237 
-2.955 
-2.955 
-0.105 
-0.105 
-0.105 
-0.105 
-0.105 
-0.105 
3.087 
3.087 
0.237 
0.237 
0.237 
0.237 
0.237 
0.237 
0.237 
0.237 
0.237 
0.237 
0.237 
0.237 
0.237 
0.237 
0.237 
0.237 
0.237 
0.237 
-2.983 
-2.983 
-0.108 
-0.108 
-0.108 
-0.108 
-0.108 
-0.108 
-0.108 
-0.108 
-0.108 
-0.108 
-0.108 
-0.108 
-0.108 
-0.108 
-0.108 
-0.108 
-0.108 
-0.108 
3.084 
3.084 
0.234 
0.234 
0.262 
0.262 
0.237 
0.237 
-2.955 
-2.955 
-0.105 
-0.105 
3.087 
0.237 
0.237 
0.237 
0.237 
-2.955 
-2.955 
-0.105 
-0.105 
-0.105 
-0.105 
3.087 
3.087 
0.237 
0.237 
-2.955 
-2.955 
-0.105 
-0.105 
-0.105 
-0.105 
-0.105 
-0.105 
3.087 
3.087 
0.237 
0.237 
0.237 
0.237 
0.237 
0.237 
-2.871 
-2.871 
-0.096 
-0.096 
3.012 
3.012 
0.237 
0.237 
-2.787 
-2.787 
-0.087 
-0.087 
1.789 
1.789 
0.114 
0.114 
-0.082 
-0.082 
0.093 
0.093 
0.093 
0.093 
0.093 
0.093 
0.093 
0.093 
0.093 
0.093 
0.093 
0.093 
0.093 
0.093 
0.093 
0.093 
0.093 
0.093 
0.093 
0.093 
0.093 
0.093 
0.093 
0.093 
0.093 
0.093 
0.093 
0.093 
0.093 
0.093 
0.093 
0.093 
0.093 
0.093 
0.093 
0.093 
0.093 
0.093 
0.093 
0.093 
0.093 
0.093 
0.093 
0.093 
0.093 
0.093 
0.093 
0.093 
0.093 
0.093 
0.093 
0.093 
0.093 
0.093 
0.093 
0.093 
0.093 
0.093 
0.093 
0.093 
0.093 
0.093 
0.093 
0.093 
0.093 
0.093 
0.093 
0.093 
0.093 
0.093 
0.093 
0.093 
0.093 
0.093 
0.093 
-2.847 
-2.847 
-0.222 
-0.222 
-0.138 
-0.138 
-0.129 
-0.129 
-0.204 
-0.204 
-0.12 
-0.12 
-0.139 
-0.139 
-0.189 
-0.189 
-0.021 
-0.021 
-0.171 
-0.171 
-0.227 
-0.227 
-0.121 
-0.121 
-0.171 
-0.171 
-0.115 
-0.115 
-0.109 
-0.109 
-0.159 
-0.159 
-0.103 
-0.103 
-0.153 
-0.153 
-0.097 
-0.097 
-0.063 
-0.063 
-0.138 
-0.082 
-0.082 
-0.132 
-0.132 
-0.076 
-0.076 
-0.126 
-0.126 
-0.042 
-0.042 
-0.117 
-0.117 
-0.117 
-0.117 
-0.061 
-0.061 
-0.111 
-0.111 
-0.055 
-0.055 
-0.105 
-0.105 
-0.021 
-0.021 
-0.04 
-0.04 
-0.09 
-0.09 
-0.09 
-0.09 
-0.09 
-0.09 
-0.034 
-0.034 
-0.028 
-0.028 
-0.078 
-0.078 
-0.078 
-0.078 
-0.078 
-0.078 
-0.078 
-0.078 
-0.078 
-0.078 
-0.078 
-0.078 
-0.078 
-0.078 
-0.05 
-0.05 
-0.075 
-0.075 
-0.075 
-0.075 
-0.075 
-0.075 
-0.075 
-0.075 
-0.047 
-0.047 
-0.072 
-0.072 
-0.072 
-0.072 
-0.044 
-0.044 
-0.069 
-0.069 
-0.069 
-0.069 
-0.069 
-0.069 
-0.069 
-0.069 
-0.041 
-0.041 
-0.066 
-0.066 
-0.038 
-0.063 
-0.063 
-0.035 
-0.035 
-0.06 
-0.06 
-0.004 
-0.004 
-0.054 
-0.054 
-0.026 
-0.026 
-0.023 
-0.023 
-0.048 
-0.048 
-0.048 
-0.048 
-0.02 
-0.02 
-0.045 
-0.045 
-0.017 
-0.017 
-0.042 
-0.042 
-0.014 
-0.014 
-0.039 
-0.039 
-0.039 
-0.039 
-0.039 
-0.039 
-0.039 
-0.039 
-0.011 
-0.011 
-0.008 
-0.008 
-0.033 
-0.033 
-0.005 
-0.005 
-0.03 
-0.03 
-0.03 
-0.03 
-0.002 
-0.002 
-0.027 
-0.027 
0.001 
0.001 
0.004 
0.004 
-0.021 
-0.021 
0.007 
0.007 
-0.018 
-0.018 
0.01 
0.01 
-0.015 
-0.015 
-0.015 
-0.015 
0.013 
0.013 
-0.012 
-0.012 
0.016 
0.016 
-0.009 
-0.009 
0.019 
0.019 
-0.006 
-0.006 
-0.006 
0.022 
0.022 
-0.003 
-0.003 
0.025 
0.025 
0 
0 
0 
0 
0 
0 
0 
0 
0 
0 
0 
0 
0 
0 
0 
0 
0 
0 
0.028 
0.028 
0.003 
0.003 
0.031 
0.031 
0.006 
0.006 
0.006 
0.006 
0.006 
0.006 
0.006 
0.006 
0.034 
0.034 
0.009 
0.009 
0.009 
0.009 
0.037 
0.037 
0.012 
0.012 
0.012 
0.012 
0.04 
0.04 
0.015 
0.015 
0.015 
0.015 
0.015 
0.015 
0.043 
0.043 
0.046 
0.046 
0.021 
0.021 
0.021 
0.021 
0.021 
0.021 
0.049 
0.024 
0.024 
0.024 
0.024 
0.024 
0.024 
0.024 
0.024 
0.052 
0.052 
0.027 
0.027 
0.027 
0.027 
0.027 
0.027 
0.027 
0.027 
0.055 
0.055 
0.03 
0.03 
0.03 
0.03 
0.03 
0.03 
0.03 
0.03 
0.03 
0.03 
0.03 
0.03 
0.03 
0.03 
0.03 
0.03 
0.03 
0.03 
0.03 
0.03 
0.03 
0.03 
0.03 
0.03 
0.058 
0.058 
0.033 
0.033 
0.033 
0.033 
0.033 
0.033 
0.033 
0.033 
0.033 
0.033 
0.033 
0.033 
0.033 
0.033 
0.061 
0.061 
0.036 
0.036 
0.036 
0.036 
0.036 
0.036 
0.036 
0.036 
0.036 
0.036 
0.036 
0.064 
0.064 
0.039 
0.039 
0.039 
0.039 
0.039 
0.039 
0.067 
0.067 
0.042 
0.042 
0.042 
0.042 
0.042 
0.042 
0.042 
0.042 
0.042 
0.042 
0.07 
0.07 
0.045 
0.045 
0.045 
0.045 
0.045 
0.045 
0.045 
0.045 
0.045 
0.045 
0.045 
0.045 
0.045 
0.045 
0.045 
0.045 
0.045 
0.045 
0.045 
0.045 
0.045 
0.045 
0.045 
0.045 
0.045 
0.045 
0.045 
0.045 
0.045 
0.045 
0.045 
0.045 
0.045 
0.045 
0.045 
0.045 
0.045 
0.045 
0.045 
0.045 
0.045 
0.045 
0.045 
0.045 
0.073 
0.073 
0.048 
0.048 
0.048 
0.048 
0.048 
0.048 
0.048 
0.048 
0.048 
0.048 
0.048 
0.048 
0.048 
0.048 
0.048 
0.048 
0.048 
0.048 
0.048 
0.048 
0.048 
0.048 
0.048 
0.048 
0.048 
0.048 
0.048 
0.048 
0.048 
0.048 
0.048 
0.048 
0.048 
0.048 
0.048 
0.048 
0.048 
0.048 
0.048 
0.02 
0.02 
0.045 
0.045 
0.045 
0.045 
0.045 
0.045 
0.045 
0.045 
0.045 
0.045 
0.045 
0.045 
0.045 
0.045 
0.045 
0.045 
0.045 
0.045 
0.045 
0.045 
0.045 
0.045 
0.045 
0.045 
0.073 
0.073 
0.048 
0.048 
0.02 
0.02 
0.045 
0.045 
0.045 
0.045 
0.017 
0.017 
0.042 
0.042 
0.07 
0.07 
0.045 
0.045 
0.045 
0.045 
0.017 
0.017 
0.042 
0.042 
0.042 
0.042 
0.042 
0.042 
0.042 
0.042 
0.014 
0.014 
0.039 
0.039 
0.039 
0.039 
0.039 
0.039 
0.039 
0.039 
0.039 
0.039 
0.039 
0.039 
0.039 
0.039 
0.039 
0.039 
0.039 
0.039 
0.039 
0.039 
0.039 
0.067 
0.067 
0.042 
0.042 
0.042 
0.042 
0.014 
0.014 
0.039 
0.039 
0.039 
0.039 
0.039 
0.039 
0.067 
0.067 
0.014 
0.014 
0.039 
0.039 
0.011 
0.011 
0.036 
0.036 
0.036 
0.036 
0.036 
0.036 
0.036 
0.036 
0.008 
0.008 
0.033 
0.033 
0.033 
0.033 
0.061 
0.061 
0.036 
0.036 
-0.02 
-0.02 
0.03 
0.03 
0.03 
0.03 
0.002 
0.002 
0.027 
0.027 
0.027 
0.027 
0.027 
0.027 
0.027 
0.027 
0.027 
0.027 
0.027 
0.027 
-0.001 
-0.001 
0.024 
0.024 
0.024 
0.024 
0.024 
0.024 
0.024 
0.024 
0.024 
0.024 
0.024 
0.024 
0.024 
0.024 
0.024 
0.024 
0.024 
0.024 
-0.004 
-0.004 
0.021 
0.021 
0.021 
0.021 
0.049 
0.049 
0.024 
0.024 
-0.004 
-0.004 
0.021 
0.021 
0.021 
0.021 
0.049 
0.049 
0.024 
0.024 
-0.004 
-0.004 
0.021 
0.049 
0.049 
0.024 
0.024 
-0.004 
-0.004 
0.049 
0.049 
0.024 
0.024 
-0.032 
-0.032 
0.018 
0.018 
0.018 
0.018 
0.018 
0.018 
0.018 
0.018 
-0.01 
-0.01 
0.015 
0.015 
0.043 
0.043 
0.018 
0.018 
0.018 
0.018 
-0.038 
-0.038 
0.012 
0.012 
0.012 
0.012 
0.04 
0.04 
0.015 
0.015 
-0.041 
-0.041 
0.009 
0.009 
0.009 
0.009 
0.037 
0.037 
0.012 
0.012 
-0.016 
-0.016 
0.037 
0.037 
0.012 
0.012 
-0.044 
-0.044 
0.006 
0.006 
0.034 
0.034 
-0.047 
-0.047 
0.003 
0.003 
0.031 
0.031 
0.006 
0.006 
0.006 
0.006 
-0.022 
-0.022 
0.003 
0.003 
0.003 
0.003 
0.003 
0.003 
0.003 
0.003 
0.003 
0.003 
0.003 
0.003 
-0.025 
-0.025 
0 
0 
0 
0 
0 
0 
0 
0 
0.028 
0.028 
-0.025 
-0.025 
0 
0 
0 
0 
0 
0 
0 
0 
0 
0 
0 
0 
0 
0 
0 
0 
0 
0 
0 
0.028 
0.028 
0.003 
0.003 
0.003 
0.003 
-0.025 
-0.025 
0 
0 
0.028 
0.028 
0.003 
0.003 
0.003 
0.003 
-0.025 
-0.025 
0 
0 
0 
0 
0 
0 
0 
0 
0 
0 
0 
0 
0 
0 
0 
0 
0 
0 
0 
0 
0 
0 
0 
0 
0 
0 
0 
0 
-0.028 
-0.028 
-0.003 
-0.003 
-0.003 
-0.003 
-0.003 
-0.003 
-0.031 
-0.031 
-0.006 
-0.006 
-0.006 
-0.006 
-0.034 
-0.034 
-0.009 
-0.009 
-0.009 
-0.009 
-0.009 
-0.009 
-0.009 
-0.009 
-0.009 
-0.009 
-0.037 
-0.037 
-0.012 
-0.012 
-0.04 
-0.04 
-0.015 
-0.015 
-0.015 
-0.015 
0.013 
0.013 
-0.012 
-0.012 
-0.04 
-0.04 
-0.015 
-0.015 
-0.015 
-0.015 
0.013 
0.013 
-0.012 
-0.012 
-0.012 
-0.012 
-0.012 
-0.012 
-0.068 
-0.068 
-0.018 
-0.018 
-0.018 
-0.018 
-0.018 
-0.018 
-0.018 
-0.018 
-0.018 
-0.018 
-0.018 
-0.018 
-0.018 
-0.018 
-0.018 
-0.018 
-0.018 
-0.018 
-0.018 
-0.018 
-0.018 
-0.018 
-0.018 
-0.018 
-0.018 
-0.018 
-0.018 
-0.018 
-0.018 
-0.018 
-0.018 
-0.018 
-0.018 
0.01 
0.01 
-0.015 
-0.015 
0.013 
0.013 
-0.012 
-0.012 
0.016 
0.016 
-0.037 
-0.037 
-0.012 
-0.012 
0.016 
0.016 
-0.009 
-0.009 
-0.009 
-0.009 
0.047 
0.047 
-0.003 
-0.003 
-0.031 
-0.031 
-0.006 
-0.006 
0.022 
0.022 
-0.003 
-0.003 
-0.003 
-0.003 
0.025 
0.025 
0 
0 
0 
0 
0 
0 
0 
0 
0 
0 
0 
0 
0 
0 
0 
0 
0 
0 
0 
0 
0 
0 
-0.028 
-0.028 
-0.003 
-0.003 
-0.003 
-0.003 
-0.003 
-0.003 
-0.003 
-0.003 
-0.003 
-0.003 
-0.003 
-0.003 
-0.003 
-0.003 
-0.003 
-0.003 
-0.003 
-0.003 
-0.003 
-0.003 
0.025 
0.025 
0 
0 
-0.028 
-0.003 
-0.003 
0.025 
0.025 
0 
0 
-0.028 
-0.028 
-0.003 
-0.003 
0.025 
0.025 
0 
0 
0 
0 
0 
0 
0 
0 
0 
0 
0 
0 
0 
0 
0 
0 
0 
0 
0 
0 
0 
0 
0 
0 
0 
0 
0 
0 
0 
0 
0 
0 
0 
0 
0 
0 
0 
0 
0 
0 
0 
0 
0 
0 
0 
0 
0 
0 
0 
0 
0 
0 
0 
0 
0 
0 
0 
0 
0 
0 
0 
0 
0 
0 
0 
0 
0 
0 
0 
0 
0 
0 
0 
0 
0 
0 
0 
0 
0 
0 
0 
0 
0 
0 
0 
0 
0 
0 
0 
0 
0 
0 
0 
0 
0 
0 
0 
0 
0 
0 
0 
0 
0 
0 
0 
0 
0 
0 
0 
0 
0 
0 
0 
0 
0 
0 
0 
0 
0 
0 
0 
0 
0 
0 
0 
0 
0 
0 
0 
0 
0 
0 
0 
0 
0 
0 
0 
0 
0 
0 
0 
0 
0 
0 
0 
0 
0 
0 
0 
0 
0 
0 
0 
0 
0 
0 
0 
0 
0 
0 
0 
0 
0 
0 
0 
0 
0 
0 
0 
0 
0 
0 
0 
0.028 
0.028 
0.003 
0.003 
0.003 
0.003 
0.031 
0.031 
0.006 
0.006 
0.006 
0.006 
0.006 
0.006 
0.006 
0.006 
0.006 
0.006 
0.006 
0.006 
0.006 
0.006 
0.006 
0.006 
0.006 
0.006 
0.006 
0.006 
0.006 
0.006 
0.006 
0.006 
0.006 
0.006 
0.006 
0.006 
0.006 
-0.022 
-0.022 
0.003 
0.003 
0.003 
0.003 
-0.025 
-0.025 
0 
0 
0 
0 
0 
0 
0 
0 
0 
0 
0 
0 
0 
0 
0 
0 
0 
0 
-0.028 
-0.028 
-0.003 
-0.003 
-0.003 
-0.003 
-0.003 
-0.003 
-0.003 
-0.003 
-0.031 
-0.031 
-0.006 
-0.006 
-0.006 
-0.006 
-0.006 
-0.006 
-0.006 
-0.006 
-0.034 
-0.034 
-0.009 
-0.009 
-0.009 
-0.009 
-0.009 
-0.009 
-0.009 
-0.009 
-0.009 
-0.009 
-0.009 
-0.009 
-0.009 
-0.009 
-0.009 
-0.009 
-0.009 
-0.009 
0.019 
0.019 
-0.006 
-0.006 
-0.006 
-0.006 
-0.006 
-0.006 
-0.006 
-0.006 
-0.006 
-0.006 
0.022 
-0.003 
-0.003 
-0.003 
-0.003 
-0.003 
-0.003 
-0.003 
-0.003 
0.025 
0.025 
0 
0 
0 
0 
0 
0 
0 
0 
0 
0 
0 
0 
0 
0 
0 
0 
0 
0 
0 
0 
0 
0 
0 
0 
0 
0 
0 
0 
0 
0 
0 
0 
0 
0 
0 
0 
0 
0 
0 
0 
0 
0 
0 
0 
0 
0 
0 
0 
0 
0 
0 
0 
0 
0 
0 
0 
0 
0 
0 
0 
0 
0 
0 
0 
0 
0 
0 
0 
0 
0 
0 
0 
0 
0 
0 
0 
0 
0 
0 
0 
0 
0 
0 
0 
0 
0 
0 
0 
0 
0 
0 
0 
0 
0 
0 
0 
0 
0 
0 
0 
0 
0 
0 
0 
0 
0 
0 
0 
0 
0 
0 
0 
0 
0 
0 
0 
0 
0 
0 
0 
0 
0 
0 
0 
0 
0 
0 
0 
0 
0 
0 
0 
0 
0 
0 
0 
0 
0 
0 
0 
0 
0 
0 
0 
0 
0 
0 
-0.028 
-0.028 
-0.003 
-0.003 
-0.003 
-0.003 
-0.003 
-0.003 
-0.003 
-0.003 
-0.003 
-0.003 
-0.003 
-0.003 
-0.003 
-0.003 
-0.003 
-0.003 
-0.003 
-0.003 
-0.003 
-0.003 
-0.003 
-0.031 
-0.031 
-0.006 
-0.006 
-0.006 
-0.006 
-0.006 
-0.006 
-0.006 
-0.006 
-0.006 
-0.006 
-0.006 
-0.006 
-0.006 
-0.006 
-0.006 
-0.006 
-0.006 
-0.006 
-0.006 
-0.006 
-0.006 
-0.006 
-0.006 
-0.006 
-0.006 
-0.006 
-0.006 
-0.006 
-0.006 
-0.006 
-0.006 
-0.006 
0.022 
0.022 
-0.003 
-0.003 
-0.031 
-0.031 
0.022 
0.022 
-0.003 
-0.003 
-0.003 
-0.003 
-0.003 
-0.003 
-0.003 
-0.003 
-0.003 
-0.003 
-0.003 
-0.003 
-0.003 
-0.003 
-0.003 
-0.003 
-0.003 
-0.003 
-0.003 
-0.003 
-0.003 
-0.003 
-0.003 
-0.003 
-0.003 
-0.003 
-0.003 
-0.003 
-0.003 
-0.003 
-0.003 
-0.003 
-0.003 
-0.003 
-0.031 
-0.031 
-0.006 
-0.006 
-0.006 
-0.006 
-0.006 
-0.006 
-0.006 
-0.006 
-0.006 
-0.006 
-0.006 
-0.006 
-0.034 
-0.034 
-0.009 
-0.009 
-0.009 
-0.009 
-0.009 
-0.009 
-0.009 
-0.009 
-0.009 
-0.009 
-0.009 
-0.037 
-0.037 
-0.012 
-0.012 
-0.012 
-0.012 
-0.012 
-0.012 
-0.012 
-0.012 
-0.012 
-0.012 
-0.012 
-0.012 
-0.012 
-0.012 
-0.012 
-0.012 
-0.012 
-0.012 
-0.012 
-0.012 
-0.012 
-0.012 
-0.012 
-0.012 
-0.04 
-0.04 
-0.015 
-0.015 
-0.015 
-0.015 
-0.015 
-0.015 
-0.015 
-0.015 
0.013 
0.013 
-0.012 
-0.012 
-0.012 
-0.012 
-0.012 
-0.012 
-0.012 
-0.012 
-0.012 
-0.012 
-0.012 
-0.012 
-0.012 
-0.012 
-0.012 
-0.012 
-0.012 
-0.012 
-0.012 
-0.012 
-0.012 
-0.012 
0.016 
0.016 
-0.009 
-0.009 
-0.009 
-0.009 
-0.009 
-0.009 
-0.009 
-0.009 
0.019 
0.019 
-0.006 
-0.006 
-0.006 
-0.006 
-0.006 
-0.006 
-0.006 
-0.006 
0.022 
-0.003 
-0.003 
-0.003 
-0.003 
-0.003 
-0.003 
-0.003 
-0.003 
-0.003 
-0.003 
-0.003 
-0.003 
-0.003 
-0.003 
-0.003 
-0.003 
-0.003 
-0.003 
-0.003 
-0.003 
-0.003 
-0.003 
-0.031 
-0.031 
-0.006 
-0.006 
-0.006 
-0.006 
-0.006 
-0.006 
-0.006 
-0.006 
-0.006 
-0.006 
-0.006 
-0.006 
-0.006 
-0.006 
-0.006 
-0.006 
-0.006 
-0.006 
-0.006 
-0.006 
-0.034 
-0.034 
-0.009 
-0.009 
-0.009 
-0.009 
-0.009 
-0.009 
-0.009 
-0.009 
-0.009 
-0.009 
-0.009 
-0.009 
-0.009 
-0.009 
-0.009 
-0.009 
-0.009 
-0.009 
-0.009 
-0.009 
-0.009 
-0.009 
-0.009 
-0.009 
-0.009 
-0.009 
-0.009 
-0.009 
-0.009 
-0.009 
-0.009 
-0.009 
-0.009 
-0.009 
-0.009 
-0.009 
-0.009 
-0.009 
-0.009 
-0.009 
-0.009 
-0.009 
-0.009 
-0.009 
-0.009 
-0.009 
-0.009 
0.019 
0.019 
-0.006 
-0.006 
-0.006 
-0.006 
-0.006 
-0.006 
-0.006 
-0.006 
-0.034 
-0.034 
-0.009 
-0.009 
-0.009 
-0.009 
-0.009 
-0.009 
-0.009 
-0.009 
-0.009 
-0.009 
-0.009 
-0.009 
-0.037 
-0.037 
-0.012 
-0.012 
-0.012 
-0.012 
-0.012 
-0.012 
-0.04 
-0.04 
-0.015 
-0.015 
-0.015 
-0.015 
-0.015 
-0.015 
-0.015 
-0.015 
-0.015 
-0.015 
-0.015 
-0.015 
-0.015 
-0.015 
-0.015 
-0.015 
-0.015 
-0.015 
-0.015 
-0.015 
-0.015 
-0.015 
-0.015 
-0.015 
-0.015 
-0.015 
-0.015 
-0.015 
-0.015 
-0.015 
-0.015 
-0.015 
-0.015 
-0.015 
-0.015 
-0.015 
-0.015 
-0.015 
-0.015 
-0.015 
-0.015 
-0.015 
-0.015 
-0.015 
0.013 
-0.012 
-0.012 
-0.012 
-0.012 
-0.012 
-0.012 
-0.012 
-0.012 
-0.012 
-0.012 
-0.012 
-0.012 
-0.012 
-0.012 
-0.012 
-0.012 
-0.012 
-0.012 
-0.012 
-0.012 
-0.012 
-0.012 
-0.012 
-0.012 
-0.012 
-0.012 
-0.012 
-0.012 
-0.012 
-0.012 
-0.012 
-0.012 
-0.012 
-0.012 
-0.012 
-0.012 
-0.012 
-0.012 
-0.04 
-0.04 
-0.015 
-0.015 
-0.015 
-0.015 
-0.015 
-0.015 
-0.015 
-0.015 
-0.015 
-0.015 
-0.015 
-0.015 
-0.043 
-0.043 
-0.018 
-0.018 
-0.018 
-0.018 
-0.018 
-0.018 
-0.018 
-0.018 
-0.018 
-0.018 
-0.018 
-0.018 
-0.018 
-0.018 
-0.018 
-0.018 
-0.046 
-0.046 
-0.021 
-0.021 
-0.021 
-0.021 
-0.021 
-0.021 
0.007 
0.007 
-0.018 
-0.018 
-0.018 
-0.018 
-0.018 
-0.018 
-0.018 
-0.018 
-0.018 
-0.018 
-0.018 
0.01 
0.01 
-0.015 
-0.015 
-0.015 
-0.015 
-0.015 
-0.015 
0.013 
0.013 
-0.012 
-0.012 
-0.012 
-0.012 
-0.012 
-0.012 
-0.012 
-0.012 
-0.012 
-0.012 
-0.012 
-0.012 
-0.012 
-0.012 
-0.012 
-0.012 
-0.012 
-0.012 
-0.012 
-0.012 
0.016 
0.016 
-0.009 
-0.009 
-0.009 
-0.009 
-0.009 
-0.009 
-0.009 
-0.009 
-0.009 
-0.009 
-0.009 
-0.009 
-0.009 
-0.009 
-0.009 
-0.009 
-0.009 
-0.009 
-0.009 
-0.009 
-0.009 
-0.009 
-0.009 
-0.009 
-0.009 
-0.009 
-0.009 
-0.009 
-0.009 
-0.009 
-0.009 
-0.009 
-0.009 
-0.009 
-0.009 
-0.009 
-0.009 
-0.009 
-0.009 
-0.009 
-0.009 
-0.009 
-0.009 
-0.009 
-0.009 
-0.009 
-0.009 
-0.009 
-0.009 
-0.009 
0.019 
-0.006 
-0.006 
-0.006 
-0.006 
-0.006 
-0.006 
-0.006 
-0.006 
-0.006 
-0.006 
-0.006 
-0.006 
-0.006 
-0.006 
-0.006 
-0.006 
0.022 
0.022 
-0.003 
-0.003 
-0.003 
-0.003 
-0.003 
-0.003 
-0.003 
-0.003 
0.025 
0.025 
0 
0 
0 
0 
0 
0 
0 
0 
0 
0 
0 
0 
0 
0 
0 
0 
0 
0 
0 
0 
0 
0 
0 
0 
0 
0 
0 
0 
0 
0 
0 
0 
0 
0 
0.028 
0.028 
0.003 
0.003 
0.003 
0.003 
0.003 
0.003 
0.003 
0.003 
0.003 
0.003 
0.003 
0.003 
0.003 
0.003 
0.031 
0.031 
0.006 
0.006 
0.006 
0.006 
0.006 
0.006 
0.006 
0.034 
0.034 
0.009 
0.009 
0.009 
0.009 
0.009 
0.009 
0.037 
0.037 
0.012 
0.012 
0.012 
0.012 
0.012 
0.012 
0.012 
0.012 
0.04 
0.04 
0.015 
0.015 
0.015 
0.015 
0.015 
0.015 
0.015 
0.015 
0.015 
0.015 
0.015 
0.015 
0.015 
0.015 
0.015 
0.015 
0.015 
0.015 
0.015 
0.015 
0.015 
0.015 
0.015 
0.015 
0.015 
0.015 
0.015 
0.015 
0.015 
0.015 
0.015 
0.015 
0.015 
0.015 
0.015 
0.015 
0.015 
0.015 
0.015 
0.015 
0.015 
0.015 
0.015 
0.015 
0.043 
0.043 
0.018 
0.018 
0.018 
0.018 
0.018 
0.018 
0.018 
0.018 
0.018 
0.018 
0.018 
0.018 
0.018 
0.018 
0.018 
0.018 
0.018 
0.018 
0.018 
0.018 
0.018 
0.018 
0.018 
0.018 
0.018 
0.018 
0.018 
0.018 
0.018 
0.018 
0.018 
0.018 
0.018 
0.018 
0.018 
0.018 
0.018 
0.018 
0.018 
0.018 
0.018 
0.046 
0.046 
0.021 
0.021 
0.021 
0.021 
0.021 
0.021 
0.021 
0.021 
0.021 
0.021 
0.021 
0.021 
0.021 
0.021 
0.077 
0.077 
0.027 
0.027 
0.027 
0.027 
0.027 
0.027 
0.027 
0.027 
0.027 
0.027 
0.027 
0.027 
0.027 
0.027 
0.055 
0.055 
0.03 
0.03 
0.03 
0.03 
0.03 
0.03 
0.03 
0.03 
0.002 
0.002 
0.027 
0.027 
0.027 
0.027 
0.055 
0.055 
0.03 
0.03 
0.03 
0.03 
0.03 
0.03 
0.03 
0.03 
0.03 
0.03 
0.03 
0.03 
0.03 
0.03 
0.03 
0.03 
0.03 
0.03 
0.03 
0.03 
0.03 
0.03 
0.03 
0.03 
0.03 
0.03 
0.03 
0.03 
0.03 
0.03 
0.03 
0.03 
0.03 
0.03 
0.03 
0.03 
0.03 
0.03 
0.03 
0.03 
0.03 
0.002 
0.002 
0.027 
0.027 
0.027 
0.027 
0.027 
0.027 
0.027 
0.027 
0.027 
0.027 
0.027 
0.027 
-0.001 
-0.001 
0.024 
0.024 
0.052 
0.052 
0.027 
0.027 
0.027 
0.027 
-0.029 
-0.029 
0.021 
0.021 
0.021 
0.021 
0.021 
0.021 
0.021 
0.021 
0.021 
0.021 
0.021 
0.021 
-0.007 
-0.007 
0.018 
0.018 
0.018 
0.018 
0.018 
0.018 
0.018 
0.018 
0.018 
0.018 
-0.01 
-0.01 
0.015 
0.015 
0.015 
0.015 
0.015 
0.015 
0.015 
0.015 
0.015 
0.015 
0.015 
0.015 
0.015 
0.015 
0.015 
0.015 
0.015 
0.015 
0.015 
-0.013 
-0.013 
0.012 
0.012 
0.012 
0.012 
0.012 
0.012 
0.012 
0.012 
0.012 
0.012 
0.012 
0.012 
0.012 
0.012 
0.012 
0.012 
0.012 
0.012 
0.012 
0.012 
0.012 
0.012 
0.012 
0.012 
0.012 
0.012 
-0.016 
-0.016 
0.009 
0.009 
0.037 
0.037 
0.012 
0.012 
-0.016 
-0.016 
0.009 
0.009 
0.009 
0.009 
-0.019 
-0.019 
0.006 
0.006 
0.006 
0.006 
0.006 
0.006 
0.006 
0.006 
0.006 
0.006 
0.006 
0.006 
0.006 
0.006 
-0.022 
-0.022 
0.003 
0.003 
0.003 
0.003 
0.003 
0.003 
0.003 
0.003 
0.003 
-0.025 
-0.025 
0 
0 
0 
0 
0 
0 
0 
0 
0 
0 
0 
0 
0 
0 
0 
0 
0 
0 
0 
0 
-0.028 
-0.028 
-0.003 
-0.003 
-0.003 
-0.003 
-0.003 
-0.003 
-0.003 
-0.003 
-0.003 
-0.003 
-0.003 
-0.003 
-0.003 
-0.003 
-0.003 
-0.003 
-0.031 
-0.031 
-0.006 
-0.006 
-0.006 
-0.006 
-0.006 
-0.006 
-0.006 
-0.006 
-0.006 
-0.006 
-0.006 
-0.006 
-0.006 
-0.006 
-0.034 
-0.034 
-0.009 
-0.009 
-0.009 
-0.009 
-0.009 
-0.009 
-0.009 
-0.009 
-0.009 
-0.009 
-0.037 
-0.037 
-0.012 
-0.012 
-0.012 
-0.012 
-0.012 
-0.012 
-0.012 
-0.012 
-0.012 
-0.012 
-0.012 
-0.012 
-0.012 
-0.012 
-0.012 
-0.012 
-0.012 
-0.012 
-0.012 
-0.012 
-0.012 
-0.012 
-0.012 
-0.012 
-0.012 
-0.012 
-0.012 
-0.012 
-0.012 
-0.04 
-0.04 
-0.015 
-0.015 
-0.015 
-0.015 
-0.015 
-0.015 
-0.015 
-0.015 
-0.043 
-0.043 
-0.018 
-0.018 
-0.018 
-0.018 
-0.018 
-0.018 
-0.018 
-0.018 
-0.046 
-0.046 
-0.021 
-0.021 
-0.021 
-0.021 
-0.021 
-0.021 
-0.021 
-0.021 
-0.021 
-0.021 
-0.021 
-0.021 
-0.021 
-0.021 
-0.021 
-0.021 
-0.021 
-0.021 
-0.021 
-0.021 
-0.021 
-0.021 
-0.021 
-0.021 
-0.021 
-0.021 
-0.021 
-0.021 
-0.021 
-0.021 
-0.021 
-0.021 
-0.021 
-0.021 
-0.021 
-0.021 
-0.021 
-0.021 
-0.021 
-0.021 
-0.049 
-0.049 
-0.024 
-0.024 
-0.024 
-0.024 
-0.024 
-0.024 
-0.024 
-0.024 
-0.024 
-0.024 
-0.024 
-0.024 
-0.024 
-0.024 
-0.024 
-0.024 
-0.024 
-0.024 
-0.024 
-0.024 
-0.024 
-0.024 
-0.024 
-0.024 
-0.024 
-0.024 
-0.024 
-0.024 
-0.024 
0.004 
0.004 
0.007 
0.007 
-0.018 
-0.018 
0.01 
0.01 
-0.015 
-0.015 
0.013 
0.013 
-0.012 
-0.012 
-0.012 
-0.012 
0.016 
0.016 
0.019 
0.019 
-0.006 
-0.006 
0.022 
0.022 
-0.003 
-0.003 
-0.003 
-0.003 
0.025 
0.025 
0 
0 
0 
0 
0 
0 
0 
0 
0 
0 
0 
0 
0.028 
0.028 
0.003 
0.003 
0.031 
0.031 
0.006 
0.006 
0.034 
0.034 
0.009 
0.009 
0.009 
0.009 
0.009 
0.009 
0.065 
0.065 
0.015 
0.015 
0.015 
0.015 
-0.013 
-0.013 
0.012 
0.012 
0.04 
0.04 
0.015 
0.015 
0.015 
0.015 
0.015 
0.015 
-0.013 
0.012 
0.012 
0.012 
0.012 
-0.016 
-0.016 
0.009 
0.009 
0.037 
0.037 
0.012 
0.012 
-0.016 
-0.016 
0.009 
0.009 
0.009 
0.009 
0.009 
0.009 
0.037 
0.037 
0.012 
0.012 
0.012 
0.012 
0.012 
0.012 
0.04 
0.04 
0.015 
0.015 
0.015 
0.015 
0.015 
0.015 
0.015 
0.015 
0.015 
0.015 
0.015 
0.015 
0.043 
0.043 
0.018 
0.018 
0.018 
0.018 
0.018 
0.018 
0.046 
0.046 
0.021 
0.021 
0.021 
0.021 
0.021 
0.021 
0.049 
0.049 
0.052 
0.052 
0.027 
0.027 
0.055 
0.055 
0.03 
0.03 
0.03 
0.03 
0.03 
0.03 
0.03 
0.03 
0.03 
0.03 
0.03 
0.03 
0.086 
0.086 
0.036 
0.036 
0.036 
0.036 
0.064 
0.039 
0.039 
0.067 
0.067 
0.042 
0.042 
0.07 
0.07 
0.045 
0.045 
0.073 
0.073 
0.048 
0.048 
0.048 
0.048 
0.076 
0.076 
0.079 
0.079 
0.054 
0.054 
0.054 
0.054 
0.054 
0.054 
0.082 
0.082 
0.057 
0.057 
0.057 
0.057 
0.085 
0.085 
0.06 
0.06 
0.06 
0.06 
0.06 
0.06 
0.06 
0.06 
0.088 
0.088 
0.063 
0.063 
0.063 
0.063 
0.063 
0.063 
0.063 
0.063 
0.091 
0.091 
0.066 
0.066 
0.094 
0.094 
0.069 
0.069 
0.069 
0.069 
0.097 
0.097 
0.072 
0.072 
0.072 
0.072 
0.1 
0.1 
0.075 
0.075 
0.075 
0.075 
0.103 
0.103 
0.078 
0.078 
0.106 
0.106 
0.081 
0.081 
0.109 
0.109 
0.112 
0.112 
0.087 
0.087 
0.087 
0.115 
0.115 
0.146 
0.146 
0.096 
0.096 
0.124 
0.124 
0.099 
0.099 
0.127 
0.127 
0.13 
0.13 
0.105 
0.105 
0.133 
0.133 
0.108 
0.108 
0.136 
0.136 
0.111 
0.111 
0.111 
0.111 
0.167 
0.167 
0.117 
0.117 
0.117 
0.117 
0.117 
0.117 
0.117 
0.117 
0.145 
0.145 
0.12 
0.12 
0.12 
0.12 
0.176 
0.176 
0.126 
0.126 
0.126 
0.126 
0.126 
0.126 
0.126 
0.126 
0.126 
0.126 
0.126 
0.126 
0.126 
0.126 
0.154 
0.154 
0.129 
0.129 
0.129 
0.129 
0.129 
0.129 
0.185 
0.185 
0.163 
0.163 
0.138 
0.138 
0.194 
0.194 
0.144 
0.144 
0.144 
0.144 
0.172 
0.172 
0.147 
0.147 
0.175 
0.175 
0.15 
0.15 
0.206 
0.156 
0.156 
0.184 
0.184 
0.159 
0.159 
0.215 
0.215 
0.193 
0.193 
0.168 
0.168 
0.168 
0.168 
0.196 
0.196 
0.171 
0.171 
0.171 
0.171 
0.171 
0.171 
0.171 
0.171 
0.171 
0.171 
0.171 
0.171 
0.171 
0.171 
0.171 
0.171 
0.143 
0.143 
0.168 
0.168 
0.168 
0.168 
0.196 
0.196 
0.171 
0.171 
0.199 
0.199 
0.146 
0.146 
0.171 
0.171 
0.115 
0.115 
0.165 
0.165 
0.165 
0.165 
0.137 
0.137 
0.162 
0.162 
0.134 
0.134 
0.159 
0.159 
0.159 
0.159 
0.187 
0.187 
0.162 
0.162 
0.078 
0.078 
0.153 
0.153 
0.153 
0.153 
0.153 
0.153 
0.153 
0.153 
0.125 
0.125 
0.15 
0.15 
0.262 
0.262 
0.078 
0.078 
0.153 
0.153 
0.125 
0.125 
0.15 
0.178 
0.178 
0.153 
0.153 
0.209 
0.209 
0.187 
0.187 
0.162 
0.162 
0.134 
0.134 
0.159 
0.159 
0.243 
0.243 
0.168 
0.168 
0.168 
0.168 
0.112 
0.112 
0.274 
0.274 
0.174 
0.174 
0.174 
0.174 
0.174 
0.174 
0.23 
0.23 
0.18 
0.18 
0.208 
0.208 
0.155 
0.155 
0.18 
0.18 
0.18 
0.18 
0.152 
0.152 
0.177 
0.177 
0.233 
0.233 
0.183 
0.183 
0.155 
0.155 
0.152 
0.152 
0.177 
0.177 
0.177 
0.177 
0.177 
0.177 
0.037 
0.037 
0.218 
0.218 
0.168 
0.168 
0.084 
0.084 
0.159 
0.159 
0.131 
0.131 
0.072 
0.072 
0.147 
0.147 
0.203 
0.203 
0.153 
0.153 
0.069 
0.069 
0.088 
0.088 
0.138 
0.138 
0.054 
0.054 
0.129 
0.129 
0.129 
0.129 
0.185 
0.185 
0.135 
0.135 
0.135 
0.135 
0.135 
-0.005 
-0.005 
0.12 
0.12 
0.12 
0.12 
0.12 
0.12 
0.12 
0.12 
0.064 
0.064 
0.114 
0.114 
0.086 
0.086 
0.111 
0.111 
0.111 
0.111 
0.083 
0.083 
0.108 
0.108 
0.08 
0.08 
0.077 
0.077 
0.102 
0.102 
0.046 
0.046 
0.096 
0.096 
0.152 
0.152 
0.074 
0.074 
0.099 
0.099 
0.099 
0.099 
0.099 
0.099 
0.071 
0.071 
0.04 
0.04 
0.09 
0.09 
0.118 
0.118 
0.093 
0.093 
0.093 
0.093 
0.093 
0.093 
0.093 
0.093 
0.093 
0.093 
0.093 
0.093 
0.093 
0.093 
0.093 
0.093 
0.093 
0.093 
0.093 
0.093 
0.093 
0.093 
0.093 
0.093 
0.121 
0.121 
0.096 
0.096 
0.096 
0.096 
0.124 
0.124 
0.099 
0.099 
0.071 
0.071 
0.096 
0.096 
0.124 
0.124 
0.099 
0.099 
0.099 
0.099 
0.099 
0.099 
0.099 
0.155 
0.155 
0.105 
0.105 
0.105 
0.105 
0.105 
0.105 
0.105 
0.105 
0.105 
0.105 
0.105 
0.105 
0.077 
0.077 
0.13 
0.13 
0.105 
0.105 
0.105 
0.105 
0.105 
0.105 
0.105 
0.105 
0.189 
0.189 
0.114 
0.114 
0.198 
0.198 
0.123 
0.123 
0.235 
0.235 
0.163 
0.163 
0.138 
0.138 
0.446 
0.446 
0.171 
0.171 
0.311 
0.311 
0.242 
0.242 
0.192 
0.192 
0.192 
0.192 
0.192 
0.192 
0.136 
0.136 
0.13 
0.13 
0.18 
0.18 
0.124 
0.124 
0.174 
0.174 
0.09 
0.09 
0.053 
0.053 
0.153 
0.153 
0.041 
0.041 
0.141 
0.141 
0.001 
0.001 
-0.07 
-0.07 
0.105 
0.105 
-0.091 
-0.091 
0.084 
0.084 
-0.168 
-0.168 
-0.279 
0.021 
0.021 
-0.259 
-0.259 
-0.009 
-0.009 
-0.289 
-0.289 
-0.039 
-0.039 
-0.263 
-0.263 
-0.287 
-0.287 
-0.087 
-0.087 
-0.311 
-0.311 
-0.111 
-0.111 
-0.307 
-0.307 
-0.3 
-0.3 
-0.15 
-0.15 
-0.29 
-0.29 
-0.333 
-0.333 
-0.183 
-0.183 
-0.351 
-0.351 
-0.201 
-0.201 
-0.425 
-0.425 
-0.169 
-0.169 
-0.219 
-0.219 
-0.275 
-0.275 
-0.225 
-0.225 
-0.225 
-0.225 
-0.225 
-0.225 
-0.225 
-0.225 
-0.225 
-0.225 
-0.225 
-0.225 
-0.225 
-0.225 
-0.225 
-0.225 
-0.225 
-0.225 
-0.225 
-0.225 
-0.225 
-0.225 
-0.225 
-0.225 
-0.197 
-0.197 
-0.222 
-0.222 
-0.222 
-0.222 
-0.222 
-0.222 
-0.222 
-0.222 
-0.222 
-0.222 
-0.222 
-0.222 
-0.222 
-0.222 
-0.222 
-0.222 
-0.222 
-0.222 
-0.222 
-0.222 
-0.222 
-0.222 
-0.222 
-0.222 
-0.222 
-0.222 
-0.222 
-0.222 
-0.222 
-0.222 
-0.222 
-0.222 
-0.222 
-0.222 
-0.222 
-0.222 
-0.222 
-0.222 
-0.222 
-0.222 
-0.222 
-0.25 
-0.25 
-0.225 
-0.225 
-0.225 
-0.225 
-0.225 
-0.225 
-0.225 
-0.225 
-0.225 
-0.225 
-0.225 
-0.225 
-0.225 
-0.225 
-0.225 
-0.225 
-0.225 
-0.225 
-0.225 
-0.225 
-0.225 
-0.225 
-0.225 
-0.225 
-0.225 
-0.225 
-0.225 
-0.225 
-0.225 
-0.225 
-0.225 
-0.225 
-0.225 
-0.225 
-0.225 
-0.225 
-0.225 
-0.225 
-0.225 
-0.225 
-0.225 
-0.225 
-0.197 
-0.197 
-0.222 
-0.222 
-0.222 
-0.222 
-0.222 
-0.222 
-0.222 
-0.222 
-0.222 
-0.222 
-0.222 
-0.222 
-0.222 
-0.222 
-0.222 
-0.222 
-0.222 
-0.222 
-0.222 
-0.222 
-0.222 
-0.222 
-0.222 
-0.222 
-0.222 
-0.222 
-0.222 
-0.222 
-0.222 
-0.222 
-0.222 
-0.222 
-0.222 
-0.222 
-0.222 
-0.222 
-0.222 
-0.222 
-0.25 
-0.25 
-0.225 
-0.225 
-0.225 
-0.225 
-0.225 
-0.225 
-0.225 
-0.225 
-0.225 
-0.225 
-0.225 
-0.225 
-0.225 
-0.225 
-0.225 
-0.225 
-0.225 
-0.225 
-0.225 
-0.225 
-0.225 
-0.225 
-0.225 
-0.225 
-0.225 
-0.225 
-0.225 
-0.225 
-0.225 
-0.225 
-0.225 
-0.225 
-0.225 
-0.225 
-0.225 
-0.225 
-0.225 
-0.225 
-0.225 
-0.225 
-0.225 
-0.225 
-0.225 
-0.225 
-0.225 
-0.225 
-0.225 
-0.197 
-0.197 
-0.222 
-0.222 
-0.222 
-0.222 
-0.222 
-0.222 
-0.222 
-0.222 
-0.222 
-0.222 
-0.222 
-0.222 
-0.222 
-0.222 
-0.11 
-0.11 
-0.21 
-0.21 
-0.154 
-0.154 
-0.204 
-0.204 
-0.176 
-0.176 
-0.061 
-0.061 
-0.186 
-0.186 
-0.102 
-0.102 
-0.177 
-0.177 
0.019 
0.019 
-0.072 
-0.072 
-0.147 
-0.147 
-0.147 
-0.147 
-0.147 
-0.147 
-0.063 
-0.063 
-0.11 
-0.11 
-0.135 
-0.135 
-0.135 
-0.135 
-0.135 
-0.135 
-0.163 
-0.163 
-0.194 
-0.194 
-0.144 
-0.144 
-0.06 
-0.06 
-0.135 
-0.135 
-0.135 
-0.135 
-0.219 
-0.219 
-0.144 
-0.144 
-0.144 
-0.144 
-0.144 
-0.144 
-0.144 
-0.144 
-0.144 
-0.172 
-0.172 
-0.175 
-0.175 
-0.15 
-0.15 
-0.15 
-0.15 
-0.15 
-0.15 
-0.15 
-0.15 
-0.234 
-0.234 
-0.159 
-0.159 
-0.159 
-0.159 
-0.159 
-0.159 
-0.187 
-0.187 
-0.246 
-0.246 
-0.171 
-0.171 
-0.171 
-0.171 
-0.171 
-0.171 
-0.171 
-0.171 
-0.115 
-0.115 
-0.165 
-0.165 
-0.165 
-0.165 
-0.165 
-0.165 
-0.193 
-0.193 
-0.168 
-0.168 
-0.168 
-0.168 
-0.168 
-0.168 
-0.168 
-0.168 
-0.168 
-0.168 
-0.14 
-0.14 
-0.165 
-0.165 
-0.221 
-0.221 
-0.171 
-0.171 
-0.087 
-0.087 
-0.218 
-0.218 
-0.168 
-0.168 
-0.056 
-0.056 
-0.156 
-0.156 
-0.156 
-0.156 
-0.1 
-0.1 
-0.15 
-0.15 
-0.15 
-0.15 
-0.15 
-0.15 
-0.15 
-0.15 
-0.15 
-0.15 
-0.15 
-0.15 
-0.15 
-0.15 
-0.178 
-0.178 
-0.153 
-0.153 
-0.125 
-0.125 
-0.15 
-0.15 
-0.178 
-0.178 
-0.125 
-0.125 
-0.15 
-0.15 
-0.15 
-0.15 
-0.15 
-0.15 
-0.122 
-0.122 
-0.147 
-0.147 
-0.147 
-0.147 
-0.119 
-0.119 
-0.144 
-0.144 
-0.116 
-0.113 
-0.113 
-0.138 
-0.138 
-0.11 
-0.11 
-0.135 
-0.135 
-0.051 
-0.051 
-0.126 
-0.126 
-0.154 
-0.154 
-0.073 
-0.073 
-0.123 
-0.123 
-0.123 
-0.123 
-0.123 
-0.123 
-0.123 
-0.123 
-0.123 
-0.123 
-0.067 
-0.067 
-0.117 
-0.117 
-0.117 
-0.117 
-0.117 
-0.117 
-0.117 
-0.117 
-0.201 
-0.201 
-0.098 
-0.098 
-0.123 
-0.123 
-0.067 
-0.067 
-0.117 
-0.117 
-0.117 
-0.117 
-0.117 
-0.117 
-0.117 
-0.117 
-0.117 
-0.117 
-0.117 
-0.117 
-0.117 
-0.117 
-0.117 
-0.117 
-0.117 
-0.117 
-0.117 
-0.117 
-0.117 
-0.117 
-0.117 
-0.117 
-0.117 
-0.117 
-0.117 
-0.117 
-0.117 
-0.117 
-0.173 
-0.173 
-0.123 
-0.123 
-0.067 
-0.067 
-0.117 
-0.117 
-0.173 
-0.173 
-0.123 
-0.123 
-0.123 
-0.123 
-0.151 
-0.151 
-0.126 
-0.126 
-0.098 
-0.098 
-0.123 
-0.123 
-0.123 
-0.123 
-0.123 
-0.123 
-0.123 
-0.123 
-0.095 
-0.095 
-0.148 
-0.148 
-0.123 
-0.123 
-0.123 
-0.123 
-0.123 
-0.123 
-0.123 
-0.123 
-0.123 
-0.123 
-0.123 
-0.123 
-0.123 
-0.123 
-0.123 
-0.123 
-0.039 
-0.039 
-0.114 
-0.114 
-0.114 
-0.114 
-0.114 
-0.114 
-0.086 
-0.111 
-0.111 
-0.111 
-0.111 
-0.111 
-0.111 
-0.055 
-0.055 
-0.105 
-0.105 
-0.105 
-0.105 
-0.105 
-0.105 
-0.105 
-0.105 
-0.077 
-0.077 
-0.102 
-0.102 
-0.102 
-0.102 
-0.102 
-0.102 
-0.13 
-0.13 
-0.105 
-0.105 
-0.105 
-0.105 
-0.105 
-0.105 
-0.105 
-0.105 
-0.161 
-0.161 
-0.055 
-0.055 
-0.105 
-0.105 
-0.161 
-0.161 
-0.139 
-0.139 
-0.114 
-0.114 
-0.114 
-0.114 
-0.114 
-0.114 
-0.114 
-0.114 
-0.198 
-0.198 
-0.123 
-0.123 
-0.123 
-0.123 
-0.123 
-0.123 
-0.095 
-0.095 
-0.12 
-0.12 
-0.12 
-0.12 
-0.12 
-0.12 
-0.12 
-0.12 
-0.12 
-0.12 
-0.12 
-0.12 
-0.12 
-0.12 
-0.12 
-0.12 
-0.12 
-0.12 
-0.148 
-0.148 
-0.095 
-0.095 
-0.12 
-0.12 
-0.12 
-0.12 
-0.12 
-0.12 
-0.204 
-0.204 
-0.045 
-0.045 
-0.12 
-0.12 
-0.148 
-0.148 
-0.123 
-0.123 
-0.067 
-0.067 
-0.173 
-0.173 
-0.123 
-0.123 
-0.123 
-0.123 
-0.123 
-0.123 
-0.095 
-0.095 
-0.12 
-0.12 
-0.12 
-0.12 
-0.148 
-0.148 
-0.123 
-0.123 
-0.123 
-0.123 
-0.123 
-0.123 
-0.123 
-0.123 
-0.095 
-0.095 
-0.12 
-0.12 
-0.232 
-0.216 
-0.216 
-0.141 
-0.141 
-0.113 
-0.113 
-0.138 
-0.138 
-0.11 
-0.11 
-0.135 
-0.135 
-0.303 
-0.303 
-0.181 
-0.181 
-0.156 
-0.156 
-0.156 
-0.156 
-0.156 
-0.156 
-0.156 
-0.156 
-0.324 
-0.324 
-0.174 
-0.174 
-0.09 
-0.09 
-0.165 
-0.165 
-0.193 
-0.193 
-0.252 
-0.252 
-0.177 
-0.177 
-0.093 
-0.093 
-0.168 
-0.168 
-0.252 
-0.252 
-0.233 
-0.233 
-0.183 
-0.183 
-0.239 
-0.239 
-0.189 
-0.189 
-0.189 
-0.189 
-0.189 
-0.189 
-0.189 
-0.189 
-0.189 
-0.189 
-0.189 
-0.189 
-0.189 
-0.189 
-0.189 
-0.189 
-0.189 
-0.189 
-0.189 
-0.189 
-0.189 
-0.189 
-0.189 
-0.189 
-0.189 
-0.189 
-0.189 
-0.189 
-0.189 
-0.189 
-0.189 
-0.189 
-0.189 
-0.189 
-0.189 
-0.189 
-0.189 
-0.189 
-0.189 
-0.189 
-0.189 
-0.189 
-0.189 
-0.189 
-0.189 
-0.189 
-0.189 
-0.189 
-0.189 
-0.189 
-0.189 
-0.189 
-0.189 
-0.189 
-0.189 
-0.189 
-0.189 
-0.189 
-0.189 
-0.189 
-0.189 
-0.189 
-0.189 
-0.189 
-0.189 
-0.189 
-0.189 
-0.189 
-0.189 
-0.189 
-0.189 
-0.189 
-0.189 
-0.189 
-0.189 
-0.189 
-0.189 
0.483 
0.483 
-0.117 
-0.117 
-0.117 
-0.117 
-0.117 
-0.117 
-0.313 
-0.313 
-0.026 
-0.026 
-0.126 
-0.126 
-0.238 
-0.238 
-0.138 
-0.138 
-0.334 
-0.334 
-0.047 
-0.047 
-0.147 
-0.147 
-0.343 
-0.343 
-0.168 
-0.168 
-0.168 
-0.168 
-0.168 
-0.168 
-0.168 
-0.168 
-0.168 
-0.168 
-0.168 
-0.168 
-0.168 
-0.168 
-0.168 
-0.168 
-0.168 
-0.168 
-0.168 
-0.168 
-0.168 
-0.168 
-0.168 
-0.168 
-0.168 
-0.168 
-0.168 
-0.168 
-0.168 
-0.168 
-0.168 
-0.168 
-0.168 
-0.168 
-0.168 
-0.168 
-0.56 
-0.56 
-0.294 
-0.294 
-0.219 
-0.219 
-0.219 
-0.219 
-0.219 
-0.219 
-0.219 
-0.219 
-0.219 
-0.219 
-0.219 
-0.219 
-0.219 
-0.219 
-0.219 
-0.219 
-0.219 
-0.219 
-0.219 
-0.219 
-0.219 
-0.219 
-0.219 
-0.219 
-0.219 
-0.219 
-0.219 
-0.219 
-0.219 
-0.219 
-0.219 
-0.219 
-0.219 
-0.219 
-0.219 
-0.219 
-0.219 
-0.219 
-0.219 
-0.219 
-0.219 
-0.219 
-0.219 
-0.219 
-0.219 
-0.219 
-0.219 
-0.219 
-0.219 
-0.219 
-0.219 
-0.219 
-0.219 
-0.219 
0.173 
0.173 
-0.177 
-0.177 
-0.00899999 
-0.159 
-0.159 
-0.159 
-0.159 
-0.159 
-0.159 
-0.327 
-0.327 
-0.177 
-0.177 
-0.177 
-0.177 
-0.177 
-0.177 
-0.177 
-0.177 
-0.177 
-0.177 
-0.177 
-0.177 
-0.177 
-0.177 
-0.177 
-0.177 
-0.177 
-0.177 
-0.177 
-0.177 
-0.177 
-0.177 
-0.177 
-0.177 
-0.177 
-0.177 
-0.177 
-0.177 
-0.177 
-0.177 
-0.177 
-0.177 
-0.177 
-0.177 
-0.177 
-0.177 
-0.177 
-0.177 
-0.177 
-0.177 
-0.177 
-0.177 
-0.177 
-0.177 
-0.177 
-0.177 
-0.177 
-0.177 
-0.177 
-0.177 
-0.177 
-0.177 
-0.177 
-0.177 
-0.177 
-0.177 
-0.177 
-0.177 
-0.177 
-0.177 
-0.177 
-0.177 
-0.177 
-0.177 
-0.177 
-0.177 
-0.177 
-0.177 
-0.177 
-0.177 
-0.177 
-0.177 
-0.177 
-0.177 
-0.177 
-0.177 
-0.177 
-0.177 
-0.177 
-0.177 
-0.177 
-0.177 
-0.177 
-0.177 
-0.177 
-0.177 
-0.177 
-0.177 
-0.177 
-0.177 
-0.177 
-0.177 
-0.177 
-0.177 
-0.177 
-0.177 
-0.177 
-0.177 
-0.177 
-0.177 
-0.177 
-0.177 
-0.177 
-0.177 
-0.177 
-0.177 
-0.177 
-0.177 
-0.177 
-0.177 
-0.177 
-0.177 
-0.177 
-0.177 
-0.177 
-0.177 
-0.177 
-0.177 
-0.177 
-0.177 
-0.177 
-0.177 
-0.177 
-0.177 
-0.177 
-0.177 
-0.177 
-0.177 
-0.177 
-0.177 
-0.177 
-0.177 
-0.177 
-0.177 
-0.177 
-0.177 
-0.177 
-0.177 
-0.177 
-0.177 
-0.177 
-0.177 
-0.177 
-0.177 
-0.177 
-0.177 
-0.177 
-0.177 
-0.177 
-0.177 
-0.177 
-0.177 
-0.177 
-0.177 
-0.177 
-0.177 
-0.177 
-0.177 
-0.177 
-0.177 
-0.177 
-0.177 
-0.177 
-0.177 
-0.177 
-0.177 
-0.177 
-0.177 
-0.177 
-0.177 
-0.177 
-0.177 
-0.177 
-0.177 
-0.177 
-0.177 
-0.177 
-0.177 
-0.177 
-0.177 
-0.177 
-0.177 
-0.177 
-0.177 
-0.177 
-0.177 
-0.177 
-0.177 
-0.177 
-0.177 
-0.177 
-0.177 
-0.177 
-0.177 
-0.177 
-0.177 
-0.177 
-0.177 
-0.177 
-0.177 
-0.177 
-0.177 
-0.177 
-0.177 
-0.177 
-0.177 
-0.177 
-0.177 
-0.177 
-0.177 
-0.177 
-0.177 
-0.177 
-0.177 
-0.177 
-0.177 
-0.177 
-0.177 
-0.177 
-0.177 
-0.177 
-0.177 
-0.177 
-0.177 
-0.177 
-0.177 
-0.177 
-0.177 
-0.177 
-0.177 
-0.177 
-0.177 
-0.177 
-0.177 
-0.177 
-0.177 
-0.177 
-0.177 
-0.177 
-0.177 
-0.177 
-0.177 
-0.177 
-0.177 
-0.177 
-0.177 
-0.177 
-0.177 
-0.177 
-0.177 
-0.177 
-0.177 
-0.177 
-0.177 
-0.177 
-0.177 
-0.177 
-0.177 
-0.177 
-0.177 
-0.177 
-0.177 
-0.177 
-0.177 
-0.177 
-0.177 
-0.177 
-0.177 
-0.177 
-0.177 
-0.177 
-0.177 
-0.177 
-0.177 
-0.177 
-0.177 
-0.177 
-0.177 
-0.177 
-0.177 
-0.177 
-0.177 
-0.177 
-0.177 
-0.177 
-0.177 
-0.177 
-0.177 
-0.177 
-0.177 
-0.177 
-0.177 
-0.177 
-0.177 
-0.177 
-0.177 
-0.177 
-0.177 
-0.177 
-0.177 
-0.177 
-0.177 
-0.177 
-0.177 
-0.177 
-0.177 
-0.177 
-0.177 
-0.177 
-0.177 
-0.177 
-0.177 
-0.177 
-0.177 
-0.177 
-0.177 
-0.177 
-0.177 
-0.177 
-0.177 
-0.177 
-0.177 
-0.177 
-0.177 
-0.177 
-0.177 
-0.177 
-0.177 
-0.177 
-0.177 
-0.177 
-0.177 
-0.177 
-0.177 
-0.177 
-0.177 
-0.177 
-0.177 
-0.177 
-0.177 
-0.177 
-0.177 
-0.177 
-0.177 
-0.177 
-0.177 
-0.177 
-0.177 
-0.177 
-0.177 
-0.177 
-0.177 
-0.177 
-0.177 
-0.177 
-0.177 
-0.177 
-0.177 
-0.177 
-0.177 
-0.177 
-0.177 
-0.177 
-0.177 
-0.177 
-0.177 
-0.177 
-0.177 
-0.177 
-0.177 
-0.177 
-0.177 
-0.177 
-0.177 
-0.177 
-0.177 
-0.177 
-0.177 
-0.177 
-0.177 
-0.177 
-0.177 
-0.177 
-0.177 
-0.177 
-0.177 
-0.177 
-0.177 
-0.177 
-0.177 
-0.177 
-0.177 
-0.177 
-0.177 
-0.177 
-0.177 
-0.177 
-0.177 
-0.177 
-0.177 
-0.177 
-0.177 
-0.177 
-0.177 
-0.177 
-0.177 
-0.177 
-0.177 
-0.177 
-0.177 
-0.177 
-0.177 
-0.177 
-0.177 
-0.177 
-0.177 
-0.177 
-0.177 
-0.177 
-0.177 
-0.177 
-0.177 
-0.177 
-0.177 
-0.177 
-0.177 
-0.177 
-0.177 
-0.177 
-0.177 
-0.177 
-0.177 
-0.177 
-0.177 
-0.177 
-0.177 
-0.177 
-0.177 
-0.177 
-0.177 
-0.177 
-0.177 
-0.177 
-0.177 
-0.177 
-0.177 
-0.177 
-0.177 
-0.177 
-0.177 
-0.177 
-0.177 
-0.177 
-0.177 
-0.177 
-0.177 
-0.177 
-0.177 
-0.177 
-0.177 
-0.177 
-0.177 
-0.177 
-0.177 
-0.177 
-0.177 
-0.177 
-0.177 
-0.177 
-0.177 
-0.177 
-0.177 
-0.177 
-0.177 
-0.177 
-0.177 
-0.177 
-0.177 
-0.177 
-0.177 
-0.177 
-0.177 
-0.177 
-0.177 
-0.177 
-0.177 
-0.177 
-0.177 
-0.177 
-0.177 
-0.177 
-0.177 
-0.177 
-0.177 
-0.177 
-0.177 
-0.177 
-0.177 
-0.177 
