0 
-1.26 
-1.26 
-0.135 
-0.135 
-0.135 
-0.135 
-0.135 
-0.135 
0.201 
0.201 
-0.099 
-0.099 
-0.099 
-0.099 
-0.099 
-0.099 
-0.127 
-0.127 
-0.102 
-0.102 
-0.102 
-0.102 
-0.102 
-0.102 
-0.102 
-0.102 
-0.102 
-0.102 
-0.102 
-0.102 
-0.102 
-0.102 
3.034 
3.034 
0.234 
0.234 
0.234 
0.234 
-2.93 
-2.93 
-0.105 
-0.105 
-0.105 
-0.105 
-0.105 
-0.105 
-0.105 
-0.273 
-0.273 
-0.123 
-0.123 
-0.123 
-0.123 
-0.123 
-0.123 
-0.067 
-0.067 
-0.117 
-0.117 
-0.117 
-0.117 
-0.313 
-0.313 
-0.138 
-0.138 
-0.138 
-0.138 
-0.138 
-0.138 
0.198 
0.198 
-0.102 
-0.102 
-0.102 
-0.102 
-0.102 
-0.102 
-0.27 
-0.27 
-0.12 
-0.12 
-0.12 
-0.12 
-0.12 
-0.12 
3.184 
3.184 
0.234 
0.234 
0.234 
0.234 
0.234 
0.234 
-2.93 
-2.93 
-0.105 
-0.105 
-0.105 
-0.105 
-0.105 
-0.105 
3.059 
3.059 
0.234 
0.234 
0.234 
0.234 
0.234 
0.234 
-2.902 
-2.902 
-0.102 
-0.102 
-0.102 
-0.102 
-0.102 
-0.102 
-0.102 
-0.102 
-0.102 
-0.102 
-0.102 
-0.102 
-0.102 
-0.102 
-0.102 
-0.102 
-0.102 
-0.102 
-0.102 
-0.102 
3.062 
3.062 
0.237 
0.237 
0.237 
0.237 
0.237 
0.237 
-2.955 
-2.955 
-0.105 
-0.105 
-0.105 
-0.105 
-0.105 
-0.105 
-0.217 
-0.117 
-0.117 
-0.117 
-0.117 
-0.117 
-0.117 
-0.145 
-0.145 
-0.12 
-0.12 
-0.12 
-0.12 
-0.12 
-0.12 
3.212 
3.212 
0.237 
0.237 
0.237 
0.237 
0.237 
0.237 
0.237 
0.237 
0.237 
0.237 
0.237 
0.237 
0.237 
0.237 
0.237 
0.237 
0.237 
0.237 
0.237 
0.237 
0.237 
0.237 
-2.843 
-2.843 
-0.093 
-0.093 
-0.093 
-0.093 
-0.093 
-0.093 
-0.205 
-0.205 
-0.105 
-0.105 
-0.105 
-0.105 
3.087 
3.087 
0.237 
0.237 
0.237 
0.237 
0.237 
0.237 
-3.067 
-3.067 
-0.117 
-0.117 
-0.117 
-0.117 
-0.117 
-0.117 
3.187 
3.187 
0.237 
0.237 
0.237 
0.237 
0.237 
0.237 
-2.703 
-2.703 
-0.078 
-0.078 
-0.078 
-0.078 
-0.134 
-0.134 
-0.084 
-0.084 
-0.084 
-0.084 
-0.084 
-0.084 
-0.028 
-0.028 
-0.078 
-0.078 
-0.078 
-0.078 
0.426 
0.426 
-0.024 
-0.024 
-0.024 
-0.024 
0.2 
0.2 
0 
0 
0 
0 
0 
2.212 
2.212 
0.237 
0.237 
-1.919 
-1.919 
0.006 
0.006 
0.51 
0.51 
0.06 
0.06 
-0.108 
-0.108 
0.042 
0.042 
0.098 
0.098 
0.048 
0.048 
-0.232 
-0.232 
0.018 
0.018 
0.018 
0.018 
0.018 
0.018 
0.018 
0.018 
0.018 
0.018 
0.018 
0.018 
0.018 
0.018 
0.018 
0.018 
0.018 
0.018 
0.018 
0.018 
0.018 
0.018 
0.018 
0.018 
0.018 
0.018 
0.018 
0.018 
0.018 
0.018 
0.018 
0.018 
0.018 
0.018 
0.018 
0.018 
0.018 
0.018 
0.018 
0.018 
0.018 
0.018 
0.018 
0.018 
0.018 
0.018 
0.018 
0.018 
0.018 
0.018 
0.018 
0.018 
0.018 
0.018 
0.018 
0.018 
0.018 
0.018 
0.018 
0.018 
0.018 
0.018 
0.018 
0.018 
0.018 
0.018 
0.018 
0.018 
0.018 
0.018 
0.018 
0.018 
-1.774 
-1.774 
-0.174 
-0.174 
-0.146 
-0.146 
-0.143 
-0.143 
-0.168 
-0.168 
-0.14 
-0.14 
-0.109 
-0.109 
-0.159 
-0.159 
-0.131 
-0.131 
-0.156 
-0.156 
-0.128 
-0.153 
-0.153 
-0.125 
-0.125 
-0.094 
-0.094 
-0.144 
-0.144 
-0.144 
-0.144 
-0.144 
-0.144 
-0.088 
-0.088 
-0.082 
-0.082 
-0.132 
-0.132 
-0.132 
-0.132 
-0.132 
-0.132 
-0.076 
-0.076 
-0.098 
-0.098 
-0.123 
-0.123 
-0.095 
-0.095 
-0.12 
-0.12 
-0.064 
-0.064 
-0.142 
-0.142 
-0.117 
-0.117 
-0.173 
-0.173 
-0.123 
-0.123 
-0.151 
-0.151 
-0.154 
-0.154 
-0.129 
-0.129 
-0.129 
-0.129 
-0.101 
-0.101 
-0.126 
-0.126 
-0.126 
-0.126 
-0.126 
-0.126 
-0.098 
-0.098 
-0.067 
-0.067 
-0.117 
-0.117 
-0.089 
-0.089 
-0.114 
-0.114 
-0.03 
-0.03 
-0.049 
-0.049 
-0.099 
-0.099 
-0.043 
-0.043 
-0.093 
-0.093 
-0.009 
-0.009 
0.028 
0.028 
-0.072 
-0.072 
0.012 
0.012 
-0.063 
-0.063 
0.021 
0.021 
0.03 
0.03 
-0.045 
-0.045 
0.011 
0.011 
0.045 
0.045 
-0.03 
-0.03 
0.026 
0.026 
-0.024 
-0.024 
0.06 
0.06 
-0.015 
-0.015 
0.041 
0.041 
0.019 
0.019 
-0.006 
0.05 
0.05 
0 
0 
0 
0 
0 
0 
0 
0 
0.028 
0.028 
0.003 
0.003 
0.031 
0.031 
0.006 
0.006 
0.034 
0.034 
0.037 
0.037 
0.012 
0.012 
0.012 
0.012 
0.012 
0.012 
0.068 
0.068 
0.046 
0.046 
0.021 
0.021 
0.021 
0.021 
0.021 
0.021 
0.049 
0.049 
0.052 
0.052 
0.027 
0.027 
0.055 
0.055 
0.03 
0.03 
0.086 
0.086 
0.064 
0.064 
0.039 
0.039 
0.067 
0.067 
0.042 
0.042 
0.042 
0.042 
0.042 
0.042 
0.042 
0.042 
0.154 
0.154 
0.054 
0.054 
0.082 
0.082 
0.057 
0.057 
0.057 
0.057 
0.141 
0.141 
0.094 
0.094 
0.069 
0.069 
0.097 
0.097 
0.072 
0.072 
0.1 
0.1 
0.075 
0.103 
0.103 
0.078 
0.078 
0.078 
0.078 
0.078 
0.078 
0.078 
0.078 
0.134 
0.134 
0.084 
0.084 
0.084 
0.084 
0.112 
0.112 
0.087 
0.087 
0.087 
0.087 
0.087 
0.087 
0.087 
0.087 
0.087 
0.087 
0.087 
0.087 
0.087 
0.087 
0.087 
0.087 
0.087 
0.087 
0.087 
0.087 
0.087 
0.087 
0.171 
0.171 
0.096 
0.096 
0.096 
0.096 
0.096 
0.096 
0.096 
0.096 
0.096 
0.096 
0.152 
0.152 
0.102 
0.102 
0.13 
0.13 
0.105 
0.105 
0.105 
0.105 
0.105 
0.105 
0.105 
0.105 
0.161 
0.161 
0.111 
0.111 
0.111 
0.111 
0.139 
0.114 
0.114 
0.114 
0.114 
0.114 
0.114 
0.114 
0.114 
0.142 
0.142 
0.117 
0.117 
0.117 
0.117 
0.117 
0.117 
0.117 
0.117 
0.117 
0.117 
0.117 
0.117 
0.117 
0.117 
0.117 
0.117 
0.117 
0.117 
0.117 
0.117 
0.117 
0.117 
0.117 
0.117 
0.117 
0.117 
0.117 
0.117 
0.145 
0.145 
0.12 
0.12 
0.12 
0.12 
0.12 
0.12 
0.12 
0.12 
0.12 
0.12 
0.12 
0.12 
0.12 
0.12 
0.12 
0.12 
0.12 
0.12 
0.12 
0.12 
0.12 
0.12 
0.12 
0.12 
0.12 
0.12 
0.12 
0.12 
0.12 
0.12 
0.12 
0.12 
0.12 
0.12 
0.12 
0.12 
0.12 
0.12 
0.092 
0.092 
0.117 
0.117 
0.145 
0.145 
0.12 
0.12 
0.12 
0.12 
0.12 
0.12 
0.12 
0.12 
0.064 
0.064 
0.114 
0.114 
0.142 
0.142 
0.117 
0.117 
0.117 
0.117 
0.089 
0.089 
0.114 
0.114 
0.114 
0.114 
0.086 
0.086 
0.111 
0.111 
0.111 
0.111 
0.111 
0.055 
0.055 
0.105 
0.105 
0.105 
0.105 
0.105 
0.105 
0.105 
0.105 
0.105 
0.105 
0.105 
0.105 
0.105 
0.105 
0.105 
0.105 
0.105 
0.105 
0.077 
0.077 
0.102 
0.102 
0.102 
0.102 
0.102 
0.102 
0.102 
0.102 
0.074 
0.074 
0.099 
0.099 
0.099 
0.099 
0.099 
0.099 
0.099 
0.099 
0.043 
0.043 
0.093 
0.093 
0.093 
0.093 
0.093 
0.093 
0.093 
0.093 
0.037 
0.037 
0.087 
0.087 
0.087 
0.087 
0.059 
0.059 
0.084 
0.084 
0.084 
0.084 
0.056 
0.056 
0.081 
0.081 
0.053 
0.053 
0.078 
0.078 
0.05 
0.05 
0.075 
0.075 
0.075 
0.075 
0.047 
0.047 
0.072 
0.072 
0.072 
0.072 
0.044 
0.044 
0.069 
0.069 
0.069 
0.069 
0.069 
0.069 
0.041 
0.041 
0.038 
0.038 
0.063 
0.063 
0.063 
0.063 
0.063 
0.063 
0.063 
0.063 
0.035 
0.035 
0.06 
0.06 
0.06 
0.06 
0.06 
0.06 
0.032 
0.032 
0.029 
0.029 
0.054 
0.054 
0.054 
0.054 
0.054 
0.054 
0.054 
0.054 
0.026 
0.026 
0.051 
0.023 
0.023 
0.048 
0.048 
0.02 
0.02 
0.045 
0.045 
0.045 
0.045 
0.017 
0.017 
0.042 
0.042 
0.014 
0.014 
0.039 
0.039 
0.011 
0.011 
0.036 
0.036 
0.036 
0.036 
0.008 
0.008 
0.033 
0.033 
0.005 
0.005 
0.03 
0.03 
0.03 
0.03 
0.002 
0.002 
0.027 
0.027 
0.027 
0.027 
0.027 
0.027 
0.027 
0.027 
-0.001 
-0.001 
0.024 
0.024 
0.024 
0.024 
-0.004 
-0.004 
0.021 
0.021 
-0.007 
-0.007 
0.018 
0.018 
0.018 
0.018 
0.018 
0.018 
0.018 
0.018 
-0.01 
-0.01 
0.015 
0.015 
0.043 
0.043 
-0.01 
-0.01 
0.015 
0.015 
0.015 
0.015 
0.015 
0.015 
0.015 
0.015 
0.015 
0.015 
0.015 
0.015 
-0.013 
-0.013 
0.04 
0.04 
0.015 
0.015 
0.015 
0.015 
0.015 
0.015 
-0.013 
-0.013 
0.012 
0.012 
0.012 
0.012 
0.012 
0.012 
0.012 
0.012 
-0.016 
-0.016 
0.009 
0.009 
0.009 
0.009 
-0.019 
-0.019 
0.006 
0.006 
-0.022 
-0.022 
0.003 
0.003 
0.003 
0.003 
0.003 
0.003 
0.003 
-0.025 
-0.025 
0 
0 
0 
0 
0 
0 
-0.028 
-0.028 
0.025 
0.025 
0 
0 
-0.056 
-0.056 
0.022 
0.022 
-0.003 
-0.003 
-0.059 
-0.059 
-0.009 
-0.009 
0.019 
0.019 
-0.006 
-0.006 
-0.006 
-0.006 
-0.006 
-0.006 
-0.006 
-0.006 
-0.006 
-0.006 
-0.006 
-0.006 
-0.006 
-0.006 
-0.006 
-0.006 
-0.006 
-0.006 
-0.034 
-0.034 
-0.009 
-0.009 
-0.009 
-0.009 
0.019 
0.019 
-0.006 
-0.006 
-0.006 
-0.006 
-0.006 
-0.006 
-0.006 
-0.006 
-0.006 
-0.006 
-0.006 
-0.006 
0.022 
0.022 
-0.003 
-0.003 
-0.003 
-0.003 
0.025 
0.025 
0 
0 
0 
0 
0 
0 
0 
0 
0 
0 
0 
0 
0 
0 
0 
0 
0 
0 
0 
0 
0 
0 
0 
0 
0 
0 
0 
0 
0 
0 
0 
0 
0 
0 
0 
0.028 
0.028 
0.003 
0.003 
0.003 
0.003 
0.003 
0.003 
0.031 
0.031 
0.006 
0.006 
0.006 
0.006 
0.006 
0.006 
0.006 
0.006 
0.034 
0.034 
0.009 
0.009 
-0.019 
-0.019 
0.006 
0.006 
0.034 
0.034 
0.037 
0.037 
0.012 
0.012 
0.012 
0.012 
0.012 
0.012 
0.012 
0.012 
0.012 
0.012 
0.012 
0.012 
0.012 
0.012 
0.012 
0.012 
0.012 
0.012 
-0.016 
-0.016 
0.009 
0.009 
0.037 
0.037 
0.012 
0.012 
-0.016 
-0.016 
0.009 
0.009 
0.009 
0.009 
0.037 
0.037 
0.012 
0.012 
0.012 
0.012 
0.012 
0.012 
0.012 
0.012 
0.012 
0.012 
0.012 
0.012 
0.012 
0.012 
0.012 
-0.016 
-0.016 
0.009 
0.009 
0.009 
0.009 
0.037 
0.037 
0.012 
0.012 
0.012 
0.012 
0.012 
0.012 
0.012 
0.012 
0.012 
0.012 
0.012 
0.012 
-0.016 
-0.016 
0.009 
0.009 
0.009 
0.009 
0.009 
0.009 
0.009 
0.009 
0.009 
0.009 
0.009 
0.009 
0.009 
0.009 
-0.019 
-0.019 
0.006 
0.006 
0.034 
0.034 
0.009 
0.009 
0.009 
0.009 
-0.019 
-0.019 
0.006 
0.006 
0.006 
0.006 
0.006 
0.006 
0.006 
0.034 
0.034 
0.009 
0.009 
-0.019 
-0.019 
0.006 
0.006 
0.006 
0.006 
0.006 
0.006 
0.006 
0.006 
0.006 
0.006 
0.034 
0.034 
0.009 
0.009 
0.009 
0.009 
0.009 
0.009 
0.009 
0.009 
0.009 
0.009 
0.009 
0.009 
0.009 
0.009 
0.009 
0.009 
0.037 
0.037 
0.012 
0.012 
0.012 
0.012 
-0.016 
-0.016 
0.009 
0.009 
0.037 
0.037 
0.012 
0.012 
0.012 
0.012 
0.012 
0.012 
0.012 
0.012 
0.012 
0.012 
0.012 
0.012 
0.012 
0.012 
0.04 
0.04 
0.015 
0.015 
-0.013 
-0.013 
0.04 
0.04 
0.015 
0.015 
0.015 
0.015 
0.015 
0.015 
0.015 
0.015 
0.015 
0.015 
0.015 
0.015 
0.015 
0.015 
0.015 
0.015 
0.015 
0.015 
0.015 
0.015 
0.015 
0.015 
0.015 
0.015 
0.015 
0.015 
0.015 
0.015 
0.015 
0.043 
0.043 
0.018 
0.018 
0.018 
0.018 
0.018 
0.018 
0.018 
0.018 
0.018 
0.018 
-0.01 
-0.01 
0.015 
0.015 
-0.013 
-0.013 
0.012 
0.012 
-0.016 
-0.016 
-0.019 
-0.019 
0.006 
0.006 
0.034 
0.034 
0.009 
0.009 
0.009 
0.009 
0.009 
0.009 
0.009 
0.009 
0.009 
0.009 
0.009 
0.009 
0.009 
0.009 
0.009 
0.009 
0.009 
0.009 
-0.019 
-0.019 
0.006 
0.006 
0.006 
0.006 
0.034 
0.034 
0.009 
0.009 
0.009 
0.009 
0.009 
0.009 
0.037 
0.037 
0.012 
0.012 
0.012 
0.012 
0.012 
0.012 
0.012 
0.012 
0.012 
0.012 
0.04 
0.04 
0.015 
0.015 
0.015 
0.015 
0.043 
0.043 
0.018 
0.018 
0.018 
0.018 
0.018 
0.018 
0.018 
0.018 
0.018 
0.046 
0.046 
0.021 
0.021 
0.021 
0.021 
0.049 
0.049 
0.024 
0.024 
0.024 
0.024 
0.024 
0.024 
0.052 
0.052 
0.027 
0.027 
0.027 
0.027 
0.055 
0.055 
0.03 
0.03 
0.03 
0.03 
0.058 
0.058 
0.033 
0.033 
0.061 
0.061 
0.036 
0.036 
0.036 
0.036 
0.036 
0.036 
0.036 
0.036 
0.064 
0.064 
0.039 
0.039 
0.039 
0.039 
0.039 
0.039 
0.039 
0.039 
0.039 
0.039 
0.067 
0.067 
0.042 
0.042 
0.042 
0.042 
0.042 
0.042 
0.07 
0.07 
0.073 
0.073 
0.048 
0.048 
0.048 
0.048 
0.048 
0.048 
0.048 
0.048 
0.076 
0.076 
0.051 
0.051 
0.051 
0.051 
0.051 
0.051 
0.079 
0.079 
0.054 
0.054 
0.054 
0.054 
0.082 
0.082 
0.057 
0.057 
0.085 
0.085 
0.088 
0.088 
0.063 
0.063 
0.091 
0.091 
0.066 
0.066 
0.094 
0.094 
0.097 
0.097 
0.072 
0.072 
0.072 
0.072 
0.072 
0.072 
0.072 
0.072 
0.072 
0.1 
0.1 
0.075 
0.075 
0.075 
0.075 
0.103 
0.103 
0.078 
0.078 
0.078 
0.078 
0.106 
0.106 
0.081 
0.081 
0.081 
0.081 
0.081 
0.081 
0.081 
0.081 
0.081 
0.081 
0.081 
0.081 
0.081 
0.081 
0.081 
0.081 
0.081 
0.081 
0.109 
0.109 
0.084 
0.084 
0.084 
0.084 
0.084 
0.084 
0.084 
0.084 
0.084 
0.084 
0.084 
0.084 
0.084 
0.084 
0.084 
0.084 
0.084 
0.084 
0.084 
0.084 
0.084 
0.084 
0.084 
0.084 
0.084 
0.084 
0.084 
0.084 
0.112 
0.112 
0.087 
0.087 
0.087 
0.087 
0.087 
0.087 
0.115 
0.115 
0.118 
0.118 
0.093 
0.093 
0.093 
0.093 
0.093 
0.093 
0.121 
0.121 
0.124 
0.124 
0.099 
0.099 
0.099 
0.099 
0.127 
0.127 
0.102 
0.102 
0.102 
0.102 
0.102 
0.102 
0.13 
0.13 
0.133 
0.133 
0.108 
0.108 
0.108 
0.108 
0.108 
0.108 
0.136 
0.136 
0.111 
0.111 
0.111 
0.111 
0.111 
0.139 
0.139 
0.114 
0.114 
0.114 
0.114 
0.142 
0.142 
0.117 
0.117 
0.117 
0.117 
0.117 
0.117 
0.117 
0.117 
0.117 
0.117 
0.117 
0.117 
0.117 
0.117 
0.145 
0.145 
0.12 
0.12 
0.148 
0.148 
0.123 
0.123 
0.123 
0.123 
0.151 
0.151 
0.126 
0.126 
0.154 
0.154 
0.129 
0.129 
0.129 
0.129 
0.157 
0.157 
0.132 
0.132 
0.132 
0.132 
0.16 
0.16 
0.135 
0.135 
0.163 
0.163 
0.138 
0.138 
0.166 
0.166 
0.169 
0.169 
0.144 
0.144 
0.144 
0.144 
0.144 
0.144 
0.172 
0.172 
0.175 
0.175 
0.15 
0.15 
0.15 
0.15 
0.15 
0.15 
0.206 
0.206 
0.156 
0.156 
0.156 
0.156 
0.156 
0.156 
0.156 
0.156 
0.184 
0.184 
0.159 
0.159 
0.159 
0.159 
0.159 
0.159 
0.159 
0.159 
0.187 
0.187 
0.19 
0.19 
0.165 
0.165 
0.165 
0.165 
0.165 
0.165 
0.193 
0.193 
0.168 
0.168 
0.168 
0.196 
0.196 
0.171 
0.171 
0.171 
0.171 
0.171 
0.171 
0.171 
0.171 
0.199 
0.199 
0.174 
0.174 
0.174 
0.174 
0.174 
0.174 
0.174 
0.174 
0.202 
0.202 
0.177 
0.177 
0.177 
0.177 
0.177 
0.177 
0.177 
0.177 
0.233 
0.233 
0.183 
0.183 
0.183 
0.183 
0.183 
0.183 
0.183 
0.183 
0.155 
0.155 
0.18 
0.18 
-3.488 
-3.488 
-0.213 
-0.213 
3.455 
3.455 
-3.46 
-3.46 
-0.21 
-0.21 
-0.182 
-0.182 
-0.207 
-0.207 
-0.123 
-0.123 
-0.086 
-0.086 
-0.186 
-0.186 
-0.102 
-0.102 
-0.177 
-0.177 
-0.037 
-0.037 
-0.05 
-0.05 
-0.15 
-0.15 
-0.038 
-0.038 
-0.082 
-0.082 
-0.132 
-0.132 
-0.076 
-0.076 
-0.126 
-0.126 
-0.126 
-0.126 
-0.126 
-0.126 
-0.07 
-0.07 
-0.12 
-0.12 
-0.12 
-0.12 
-0.12 
-0.12 
-0.12 
-0.12 
-0.26 
-0.26 
-0.275 
-0.275 
-0.15 
-0.15 
3.266 
3.266 
-3.592 
-3.592 
-0.192 
-0.192 
-0.192 
3.252 
3.252 
0.065 
0.065 
0.165 
0.165 
0.081 
0.081 
0.072 
0.072 
0.147 
0.147 
0.063 
0.063 
0.138 
0.138 
0.054 
0.054 
0.129 
0.129 
0.129 
0.129 
0.045 
0.045 
0.12 
0.12 
0.092 
0.092 
0.117 
0.117 
0.117 
0.117 
0.117 
0.117 
0.117 
0.117 
0.117 
0.117 
0.145 
0.145 
0.12 
0.12 
0.176 
0.176 
0.126 
0.126 
0.154 
0.154 
0.129 
0.129 
0.129 
0.129 
0.157 
0.157 
0.132 
0.132 
0.132 
0.132 
0.16 
0.16 
0.135 
0.135 
0.135 
0.135 
0.135 
0.135 
0.135 
0.135 
0.107 
0.107 
0.132 
0.132 
0.132 
0.132 
0.132 
0.132 
0.104 
0.104 
0.101 
0.101 
0.126 
0.126 
0.126 
0.126 
0.126 
0.126 
0.098 
0.098 
0.095 
0.095 
0.12 
0.12 
0.092 
0.092 
0.117 
0.117 
0.089 
0.089 
0.086 
0.086 
0.111 
0.111 
0.111 
0.111 
0.111 
0.083 
0.083 
0.108 
0.108 
0.08 
0.08 
0.105 
0.105 
0.105 
0.105 
0.105 
0.105 
0.105 
0.105 
0.133 
0.133 
0.108 
0.108 
0.108 
0.108 
0.136 
0.136 
0.111 
0.111 
0.139 
0.139 
0.198 
0.198 
0.123 
0.123 
0.151 
0.151 
0.126 
0.126 
0.182 
0.182 
0.216 
0.216 
0.141 
0.141 
0.197 
0.197 
0.147 
0.147 
0.203 
0.203 
0.209 
0.209 
0.159 
0.159 
0.159 
0.159 
0.243 
0.243 
0.168 
0.168 
0.252 
0.252 
0.177 
0.177 
0.177 
0.177 
0.205 
0.205 
0.18 
0.18 
0.208 
0.208 
0.183 
0.183 
0.239 
0.189 
0.189 
0.245 
0.245 
0.195 
0.195 
0.251 
0.251 
0.229 
0.229 
0.204 
0.204 
0.176 
0.176 
0.201 
0.201 
0.229 
0.229 
0.232 
0.232 
0.207 
0.207 
0.319 
0.319 
0.219 
0.219 
0.219 
0.219 
0.219 
0.219 
0.219 
0.219 
0.219 
0.219 
0.219 
0.219 
0.219 
0.219 
0.219 
0.219 
0.219 
0.219 
0.219 
0.219 
0.219 
0.219 
0.219 
0.219 
0.219 
0.219 
0.219 
0.219 
0.219 
0.219 
0.219 
0.219 
0.219 
0.219 
0.219 
0.219 
0.219 
0.219 
0.219 
0.219 
0.219 
0.219 
0.219 
0.219 
0.219 
0.219 
0.219 
0.219 
0.219 
0.219 
0.219 
0.219 
0.219 
0.219 
0.219 
0.219 
0.219 
0.219 
0.219 
0.219 
0.219 
0.219 
0.219 
0.219 
0.219 
0.219 
0.219 
0.219 
0.219 
0.219 
0.219 
0.219 
0.219 
0.219 
0.219 
0.219 
0.219 
0.219 
0.219 
0.219 
0.219 
0.219 
0.219 
0.219 
0.219 
0.219 
0.219 
0.219 
0.219 
0.219 
0.219 
0.219 
0.219 
0.219 
0.219 
0.219 
0.219 
0.219 
0.219 
0.219 
0.219 
0.219 
0.219 
0.219 
0.219 
0.219 
0.219 
0.219 
0.219 
0.219 
0.219 
0.219 
0.219 
0.219 
0.219 
0.219 
0.219 
0.219 
0.219 
0.219 
0.219 
0.219 
0.219 
0.219 
0.219 
0.219 
0.219 
0.219 
0.219 
0.219 
0.219 
0.219 
0.219 
0.219 
0.051 
0.051 
0.201 
0.201 
-1.815 
-1.815 
-0.015 
-0.015 
-0.743 
-0.743 
-0.093 
-0.093 
0.579 
0.579 
-0.021 
-0.021 
-0.357 
-0.357 
-1.093 
-1.093 
-0.168 
-0.168 
-0.28 
-0.28 
-0.18 
-0.18 
-0.6 
-0.6 
-0.225 
-0.225 
-0.225 
-0.225 
-0.225 
-0.225 
-0.225 
-0.225 
-0.225 
-0.225 
-0.225 
-0.225 
-0.225 
-0.225 
-0.225 
-0.225 
-0.225 
-0.225 
-0.225 
-0.225 
-0.225 
-0.225 
-0.225 
-0.225 
-0.225 
-0.225 
-0.225 
-0.225 
-0.225 
-0.225 
-0.225 
-0.225 
-0.225 
-0.225 
-0.225 
-0.225 
-0.225 
-0.225 
-0.225 
-0.225 
-0.225 
-0.225 
-0.225 
-0.225 
-0.225 
-0.225 
-0.225 
-0.225 
-0.225 
-0.225 
-0.225 
-0.225 
-0.225 
-0.225 
-0.225 
-0.197 
-0.197 
-0.222 
-0.222 
-0.222 
-0.222 
-0.222 
-0.222 
-0.222 
-0.222 
-0.222 
-0.222 
-0.222 
-0.222 
-0.222 
-0.222 
-0.222 
-0.222 
-0.222 
-0.222 
-0.222 
-0.222 
-0.222 
-0.222 
-0.222 
-0.222 
-0.222 
-0.222 
-0.222 
-0.222 
-0.222 
-0.222 
-0.222 
-0.222 
-0.222 
-0.222 
-0.222 
-0.222 
-0.222 
-0.222 
-0.222 
-0.222 
-0.222 
-0.222 
-0.222 
-0.222 
-0.222 
-0.222 
-0.222 
-0.222 
-0.222 
-0.222 
-0.222 
-0.222 
-0.222 
-0.222 
-0.222 
-0.222 
-0.222 
-0.222 
-0.222 
-0.222 
-0.222 
-0.222 
-0.222 
-0.222 
-0.222 
-0.222 
-0.222 
-0.222 
-0.222 
-0.222 
-0.222 
-0.222 
-0.222 
-0.222 
-0.222 
-0.222 
-0.222 
-0.222 
-0.222 
-0.222 
-0.222 
-0.222 
-0.222 
-0.222 
-0.222 
-0.222 
-0.222 
-0.222 
-0.222 
-0.222 
-0.222 
-0.222 
-0.222 
-0.222 
-0.222 
-0.222 
-0.222 
-0.222 
-0.222 
-0.222 
-0.222 
-0.222 
-0.222 
-0.222 
-0.222 
-0.222 
-0.222 
-0.222 
-0.222 
-0.222 
-0.222 
-0.222 
-0.222 
-0.222 
-0.222 
-0.222 
-0.222 
-0.222 
-0.222 
-0.222 
-0.222 
-0.222 
-0.222 
-0.222 
-0.222 
-0.222 
-0.222 
-0.222 
-0.222 
-0.222 
-0.222 
-0.222 
-0.222 
-0.222 
-0.222 
-0.222 
-0.222 
-0.222 
-0.222 
-0.222 
-0.222 
-0.222 
-0.222 
-0.222 
-0.222 
-0.222 
-0.222 
-0.222 
-0.222 
-0.222 
-0.222 
-0.222 
-0.222 
-0.222 
-0.222 
-0.222 
-0.222 
-0.222 
-0.222 
-0.222 
-0.222 
-0.222 
-0.222 
-0.222 
-0.222 
-0.222 
-0.222 
-0.222 
-0.222 
-0.222 
-0.222 
-0.222 
-0.222 
-0.222 
-0.222 
-0.222 
-0.222 
-0.222 
-0.222 
-0.222 
-0.222 
-0.222 
-0.222 
-0.222 
-0.222 
-0.222 
-0.222 
-0.222 
-0.222 
-0.222 
-0.222 
-0.222 
-0.222 
-0.222 
-0.222 
-0.222 
-0.222 
-0.222 
-0.222 
-0.222 
-0.222 
-0.222 
-0.222 
-0.222 
-0.222 
-0.222 
-0.222 
-0.222 
-0.222 
-0.222 
-0.222 
-0.222 
-0.222 
-0.222 
-0.222 
-0.222 
-0.222 
-0.222 
-0.222 
-0.222 
-0.222 
-0.222 
-0.222 
-0.222 
-0.222 
-0.222 
-0.222 
-0.222 
-0.222 
-0.222 
-0.222 
-0.222 
-0.222 
-0.222 
-0.222 
-0.222 
-0.222 
-0.222 
-0.222 
-0.222 
-0.222 
-0.222 
-0.222 
-0.222 
-0.222 
-0.222 
-0.222 
-0.222 
-0.222 
-0.222 
-0.222 
-0.222 
-0.222 
-0.25 
-0.225 
-0.225 
-0.225 
-0.225 
-0.197 
-0.197 
-0.222 
-0.222 
-0.222 
-0.222 
-0.222 
-0.222 
-0.222 
-0.222 
-0.222 
-0.222 
-0.222 
-0.222 
-0.222 
-0.222 
-0.222 
-0.222 
-0.222 
-0.222 
-0.222 
-0.222 
-0.222 
-0.222 
-0.222 
-0.222 
-0.222 
-0.222 
-0.222 
-0.222 
-0.222 
-0.222 
-0.222 
-0.222 
-0.222 
-0.222 
-0.222 
-0.222 
-0.222 
-0.222 
-0.222 
-0.222 
-0.222 
-0.222 
-0.222 
-0.222 
-0.222 
-0.222 
-0.222 
-0.222 
-0.25 
-0.25 
-0.225 
-0.225 
-0.225 
-0.225 
-0.225 
-0.225 
-0.225 
-0.225 
-0.225 
-0.225 
-0.225 
-0.225 
-0.225 
-0.225 
-0.225 
-0.225 
-0.225 
-0.225 
-0.225 
-0.225 
-0.225 
-0.225 
-0.225 
-0.225 
-0.225 
-0.225 
-0.225 
-0.225 
-0.225 
-0.225 
-0.225 
-0.225 
-0.225 
-0.225 
-0.225 
-0.225 
-0.225 
-0.225 
-0.225 
-0.225 
-0.225 
-0.225 
-0.225 
-0.225 
-0.225 
-0.225 
-0.225 
-0.225 
-0.225 
-0.225 
-0.225 
-0.225 
-0.225 
-0.225 
-0.225 
-0.225 
-0.225 
-0.225 
-0.225 
-0.225 
-0.225 
-0.225 
-0.225 
-0.225 
-0.225 
-0.197 
-0.197 
-0.222 
-0.222 
-0.222 
-0.222 
-0.222 
-0.222 
-0.222 
-0.222 
-0.222 
-0.222 
-0.222 
-0.222 
-0.222 
-0.222 
-0.222 
-0.222 
-0.222 
-0.222 
0.198 
0.198 
-0.093 
-0.093 
-0.168 
-0.168 
-0.112 
-0.112 
-0.078 
-0.078 
-0.153 
-0.153 
-0.069 
-0.069 
-0.144 
-0.144 
-0.144 
-0.144 
-0.144 
-0.088 
-0.088 
-0.138 
-0.138 
-0.138 
-0.138 
-0.11 
-0.11 
-0.135 
-0.135 
-0.135 
-0.135 
-0.135 
-0.135 
-0.135 
-0.135 
-0.135 
-0.135 
-0.135 
-0.135 
-0.135 
-0.135 
-0.135 
-0.135 
-0.135 
-0.135 
-0.247 
-0.247 
-0.147 
-0.147 
-0.119 
-0.119 
-0.144 
-0.144 
-0.144 
-0.144 
-0.2 
-0.2 
-0.15 
-0.15 
-0.15 
-0.15 
-0.178 
-0.178 
-0.153 
-0.153 
-0.153 
-0.153 
-0.153 
-0.153 
-0.153 
-0.153 
-0.209 
-0.209 
-0.159 
-0.159 
-0.103 
-0.103 
-0.153 
-0.153 
-0.153 
-0.153 
-0.153 
-0.153 
-0.153 
-0.153 
-0.181 
-0.181 
-0.156 
-0.156 
-0.156 
-0.156 
-0.156 
-0.156 
-0.156 
-0.156 
-0.128 
-0.153 
-0.153 
-0.153 
-0.153 
-0.153 
-0.153 
-0.153 
-0.153 
-0.153 
-0.153 
-0.153 
-0.153 
-0.153 
-0.153 
-0.153 
-0.153 
-0.153 
-0.153 
-0.153 
-0.153 
-0.153 
-0.153 
-0.153 
-0.153 
-0.153 
-0.153 
-0.153 
-0.153 
-0.153 
-0.153 
-0.153 
-0.153 
-0.153 
-0.153 
-0.153 
-0.153 
-0.153 
-0.153 
-0.153 
-0.153 
-0.153 
-0.153 
-0.153 
-0.153 
-0.153 
-0.153 
-0.153 
-0.153 
-0.209 
-0.209 
-0.159 
-0.159 
-0.187 
-0.187 
-0.162 
-0.162 
-0.19 
-0.19 
-0.193 
-0.193 
-0.168 
-0.168 
-0.196 
-0.196 
-0.171 
-0.171 
-0.171 
-0.171 
-0.227 
-0.227 
-0.177 
-0.177 
-0.177 
-0.177 
-0.177 
-0.177 
-0.177 
-0.177 
-0.177 
-0.177 
-0.177 
-0.177 
-0.177 
-0.177 
-0.177 
-0.177 
-0.177 
-0.177 
-0.177 
-0.177 
-0.177 
-0.177 
-0.177 
-0.177 
-0.177 
-0.177 
-0.177 
-0.177 
-0.177 
-0.177 
-0.177 
-0.177 
-0.177 
-0.177 
-0.177 
-0.177 
-0.177 
-0.177 
-0.177 
-0.177 
-0.177 
-0.177 
-0.177 
-0.177 
-0.177 
-0.177 
-0.177 
-0.177 
-0.177 
-0.177 
-0.177 
-0.177 
-0.177 
-0.177 
-0.177 
-0.177 
-0.177 
-0.177 
-0.177 
-0.177 
-0.177 
-0.177 
-0.177 
-0.177 
-0.177 
-0.177 
-0.177 
-0.177 
-0.177 
-0.177 
-0.177 
-0.177 
-0.177 
-0.177 
-0.177 
-0.177 
-0.177 
-0.177 
-0.177 
-0.177 
-0.177 
-0.177 
-0.177 
-0.177 
-0.177 
-0.177 
-0.177 
-0.177 
-0.177 
-0.177 
-0.177 
-0.177 
-0.177 
-0.177 
-0.177 
-0.177 
-0.177 
-0.177 
-0.177 
-0.177 
-0.177 
-0.177 
-0.177 
-0.177 
-0.177 
-0.177 
-0.177 
-0.177 
-0.177 
-0.177 
-0.177 
-0.177 
-0.177 
-0.177 
-0.177 
-0.177 
-0.177 
-0.177 
-0.177 
-0.177 
-0.177 
-0.177 
-0.177 
-0.177 
-0.177 
-0.177 
-0.177 
-0.177 
-0.177 
-0.177 
-0.177 
-0.177 
-0.177 
-0.177 
-0.177 
-0.177 
-0.177 
-0.177 
-0.177 
-0.177 
-0.177 
-0.177 
-0.177 
-0.177 
-0.177 
-0.177 
-0.177 
-0.177 
-0.177 
-0.177 
-0.177 
-0.177 
-0.177 
-0.177 
-0.177 
-0.177 
-0.177 
-0.177 
-0.177 
-0.177 
-0.177 
-0.177 
-0.177 
-0.177 
-0.177 
-0.177 
-0.177 
-0.177 
-0.177 
-0.177 
-0.177 
-0.177 
-0.177 
-0.177 
-0.177 
-0.177 
-0.177 
-0.177 
-0.177 
-0.177 
-0.177 
-0.177 
-0.177 
-0.177 
-0.177 
-0.177 
-0.177 
-0.177 
-0.177 
-0.177 
-0.177 
-0.177 
-0.177 
-0.177 
-0.177 
-0.177 
-0.177 
-0.177 
-0.177 
-0.177 
-0.177 
-0.177 
-0.177 
-0.177 
-0.177 
-0.177 
-0.177 
-0.177 
-0.177 
-0.177 
-0.177 
-0.177 
-0.177 
-0.177 
-0.177 
-0.177 
-0.177 
-0.177 
-0.177 
-0.177 
-0.177 
-0.177 
-0.177 
-0.177 
-0.177 
-0.177 
-0.177 
-0.177 
-0.177 
-0.177 
-0.177 
-0.177 
-0.177 
-0.177 
-0.177 
-0.177 
-0.177 
-0.177 
-0.177 
-0.177 
-0.177 
-0.177 
-0.177 
-0.177 
-0.177 
-0.177 
-0.177 
-0.177 
-0.177 
-0.177 
-0.177 
-0.177 
-0.177 
-0.177 
-0.177 
-0.177 
-0.177 
-0.177 
-0.177 
-0.177 
-0.177 
-0.177 
-0.177 
-0.177 
-0.177 
-0.177 
-0.177 
-0.177 
-0.177 
-0.177 
-0.177 
-0.177 
-0.177 
-0.177 
-0.177 
-0.177 
-0.177 
-0.177 
-0.177 
-0.177 
-0.177 
-0.177 
-0.177 
-0.177 
-0.177 
-0.177 
-0.177 
-0.177 
-0.177 
-0.177 
-0.177 
-0.177 
-0.177 
-0.177 
-0.177 
-0.177 
-0.177 
-0.177 
-0.177 
-0.177 
-0.177 
-0.177 
-0.177 
-0.177 
-0.177 
-0.177 
-0.177 
-0.177 
-0.177 
-0.177 
-0.177 
-0.177 
-0.177 
-0.177 
-0.177 
-0.177 
-0.177 
-0.177 
-0.177 
-0.177 
-0.177 
-0.177 
-0.177 
-0.177 
-0.177 
-0.177 
-0.177 
-0.177 
-0.177 
-0.177 
-0.177 
-0.177 
-0.177 
-0.177 
-0.177 
-0.177 
-0.177 
-0.177 
-0.177 
-0.177 
-0.177 
-0.177 
-0.177 
-0.177 
-0.177 
-0.177 
-0.177 
-0.177 
-0.177 
-0.177 
-0.177 
-0.177 
-0.177 
-0.177 
-0.177 
-0.177 
-0.177 
-0.177 
-0.177 
-0.177 
-0.177 
-0.177 
-0.177 
-0.177 
-0.177 
-0.177 
-0.177 
-0.177 
-0.177 
-0.177 
-0.177 
-0.177 
-0.177 
-0.177 
-0.177 
-0.177 
-0.177 
-0.177 
-0.177 
-0.177 
-0.177 
-0.177 
-0.177 
-0.177 
-0.177 
-0.177 
-0.177 
-0.177 
-0.177 
-0.177 
-0.177 
-0.177 
-0.177 
-0.177 
-0.177 
-0.177 
-0.177 
-0.177 
-0.177 
-0.177 
-0.177 
-0.177 
-0.177 
-0.177 
-0.177 
-0.177 
-0.177 
-0.177 
-0.177 
-0.177 
-0.177 
-0.177 
-0.177 
-0.177 
-0.177 
-0.177 
-0.177 
-0.177 
-0.177 
-0.177 
-0.177 
-0.177 
-0.177 
-0.177 
-0.177 
-0.177 
-0.177 
-0.177 
-0.177 
-0.177 
-0.177 
-0.177 
-0.177 
-0.177 
-0.177 
-0.177 
-0.177 
-0.177 
-0.177 
-0.177 
-0.177 
-0.177 
-0.177 
-0.177 
-0.177 
-0.177 
-0.177 
-0.177 
-0.177 
-0.177 
-0.177 
-0.177 
-0.177 
-0.177 
-0.177 
-0.177 
-0.177 
-0.177 
-0.177 
-0.177 
-0.177 
-0.177 
-0.177 
-0.177 
-0.177 
-0.177 
-0.177 
-0.177 
-0.177 
-0.177 
-0.177 
-0.177 
-0.177 
-0.177 
-0.177 
-0.177 
-0.177 
-0.177 
-0.177 
-0.177 
-0.177 
-0.177 
-0.177 
-0.177 
-0.177 
-0.177 
-0.177 
-0.177 
-0.177 
-0.177 
-0.177 
-0.177 
-0.177 
-0.177 
-0.177 
-0.177 
-0.177 
-0.177 
-0.177 
-0.177 
-0.177 
-0.177 
-0.177 
-0.177 
-0.177 
-0.177 
-0.177 
-0.177 
-0.177 
-0.177 
-0.177 
-0.177 
-0.177 
-0.177 
-0.177 
-0.177 
-0.177 
-0.177 
-0.177 
-0.177 
-0.177 
-0.177 
-0.177 
-0.177 
-0.177 
-0.177 
-0.177 
-0.177 
-0.177 
-0.177 
-0.177 
-0.177 
-0.177 
-0.177 
-0.177 
-0.177 
-0.177 
-0.177 
-0.177 
-0.177 
-0.177 
-0.177 
-0.177 
-0.177 
-0.177 
-0.177 
-0.177 
-0.177 
-0.177 
-0.177 
-0.177 
-0.177 
-0.177 
-0.177 
-0.177 
-0.177 
-0.177 
-0.177 
-0.177 
-0.177 
-0.177 
-0.177 
-0.177 
-0.177 
-0.177 
-0.177 
-0.177 
-0.177 
-0.177 
-0.177 
-0.177 
-0.177 
-0.177 
-0.177 
-0.177 
-0.177 
-0.177 
-0.177 
-0.177 
-0.177 
-0.177 
-0.177 
-0.177 
-0.177 
-0.177 
-0.177 
-0.177 
-0.177 
-0.177 
-0.177 
-0.177 
-0.177 
-0.177 
-0.177 
-0.177 
-0.177 
-0.177 
-0.177 
-0.177 
-0.177 
-0.177 
-0.177 
-0.177 
-0.177 
-0.177 
-0.177 
-0.177 
-0.177 
-0.177 
-0.177 
-0.177 
-0.177 
-0.177 
-0.177 
-0.177 
-0.177 
-0.177 
-0.177 
-0.177 
-0.177 
-0.177 
-0.177 
-0.177 
-0.177 
-0.177 
-0.177 
-0.177 
-0.177 
-0.177 
-0.177 
-0.177 
-0.177 
-0.177 
-0.177 
-0.177 
-0.177 
-0.177 
-0.177 
-0.177 
-0.177 
-0.177 
-0.177 
-0.177 
-0.177 
-0.177 
-0.177 
-0.177 
-0.177 
-0.177 
-0.177 
-0.177 
-0.177 
-0.177 
-0.177 
-0.177 
-0.177 
-0.177 
-0.177 
-0.177 
-0.177 
-0.177 
-0.177 
-0.177 
-0.177 
-0.177 
-0.177 
-0.177 
-0.177 
-0.177 
-0.177 
-0.177 
-0.177 
-0.177 
-0.177 
-0.177 
-0.177 
-0.177 
-0.177 
-0.177 
-0.177 
-0.177 
-0.177 
-0.177 
-0.177 
-0.177 
-0.177 
-0.177 
-0.177 
-0.177 
-0.177 
-0.177 
-0.177 
-0.177 
-0.177 
-0.177 
-0.177 
-0.177 
-0.177 
-0.177 
-0.177 
-0.177 
-0.177 
-0.177 
-0.177 
-0.177 
-0.177 
-0.177 
-0.177 
-0.177 
-0.177 
-0.177 
-0.177 
-0.177 
-0.177 
-0.177 
-0.177 
-0.177 
-0.177 
-0.177 
-0.177 
-0.177 
-0.177 
-0.177 
-0.177 
-0.177 
-0.177 
-0.177 
-0.177 
-0.177 
-0.177 
-0.177 
-0.177 
-0.177 
-0.177 
-0.177 
-0.177 
-0.177 
-0.177 
-0.177 
-0.177 
-0.177 
-0.177 
-0.177 
-0.177 
-0.177 
-0.177 
-0.177 
-0.177 
-0.177 
-0.177 
-0.177 
-0.177 
-0.177 
-0.177 
-0.177 
-0.177 
-0.177 
-0.177 
-0.177 
-0.177 
-0.177 
-0.177 
-0.177 
-0.177 
-0.177 
-0.177 
-0.177 
-0.177 
-0.177 
-0.177 
-0.177 
-0.177 
-0.177 
-0.177 
-0.177 
-0.177 
-0.177 
-0.177 
-0.177 
-0.177 
-0.177 
-0.177 
-0.177 
-0.177 
-0.177 
-0.177 
-0.177 
-0.177 
-0.177 
-0.177 
-0.177 
-0.177 
-0.177 
-0.177 
-0.177 
-0.177 
-0.177 
-0.177 
-0.177 
-0.177 
-0.177 
-0.177 
-0.177 
-0.177 
-0.177 
-0.177 
-0.177 
-0.177 
-0.177 
-0.177 
-0.177 
-0.177 
-0.177 
-0.177 
-0.177 
-0.177 
-0.177 
-0.177 
-0.177 
-0.177 
-0.177 
-0.177 
-0.177 
-0.177 
-0.177 
-0.177 
-0.177 
-0.177 
-0.177 
-0.177 
-0.177 
-0.177 
-0.177 
-0.177 
-0.177 
-0.177 
-0.177 
-0.177 
-0.177 
-0.177 
-0.177 
-0.177 
-0.177 
-0.177 
-0.177 
-0.177 
-0.177 
-0.177 
-0.177 
-0.177 
-0.177 
-0.177 
-0.177 
-0.177 
-0.177 
-0.177 
-0.177 
-0.177 
-0.177 
-0.177 
-0.177 
-0.177 
-0.177 
-0.177 
-0.177 
-0.177 
-0.177 
-0.177 
-0.177 
-0.177 
-0.177 
-0.177 
-0.177 
-0.177 
-0.177 
-0.177 
-0.177 
-0.177 
-0.177 
-0.177 
-0.177 
-0.177 
-0.177 
-0.177 
-0.177 
-0.177 
-0.177 
-0.177 
-0.177 
-0.177 
-0.177 
-0.177 
-0.177 
-0.177 
-0.177 
-0.177 
-0.177 
-0.177 
-0.177 
-0.177 
-0.177 
-0.177 
-0.177 
-0.177 
-0.177 
-0.177 
-0.177 
-0.177 
-0.177 
-0.177 
-0.177 
-0.177 
-0.177 
-0.177 
-0.177 
-0.177 
-0.177 
-0.177 
-0.177 
-0.177 
-0.177 
-0.177 
-0.177 
-0.177 
-0.177 
-0.177 
-0.177 
-0.177 
-0.177 
-0.177 
-0.177 
-0.177 
-0.177 
-0.177 
-0.177 
-0.177 
-0.177 
-0.177 
-0.177 
-0.177 
-0.177 
-0.177 
-0.177 
-0.177 
-0.177 
-0.177 
-0.177 
-0.177 
-0.177 
-0.177 
-0.177 
-0.177 
-0.177 
-0.177 
-0.177 
-0.177 
-0.177 
-0.177 
-0.177 
-0.177 
-0.177 
-0.177 
-0.177 
-0.177 
-0.177 
-0.177 
-0.177 
-0.177 
-0.177 
-0.177 
-0.177 
-0.177 
-0.177 
-0.177 
-0.177 
-0.177 
-0.177 
-0.177 
-0.177 
-0.177 
-0.177 
-0.177 
-0.177 
-0.177 
-0.177 
-0.177 
-0.177 
-0.177 
-0.177 
-0.177 
-0.177 
-0.177 
-0.177 
-0.177 
-0.177 
-0.177 
-0.177 
-0.177 
-0.177 
-0.177 
-0.177 
-0.177 
-0.177 
-0.177 
-0.177 
-0.177 
-0.177 
-0.177 
-0.177 
-0.177 
-0.177 
-0.177 
-0.177 
-0.177 
-0.177 
-0.177 
-0.177 
-0.177 
-0.177 
-0.177 
-0.177 
-0.177 
-0.177 
-0.177 
-0.177 
-0.177 
-0.177 
-0.177 
-0.177 
-0.177 
-0.177 
-0.177 
-0.177 
-0.177 
-0.177 
-0.177 
-0.177 
-0.177 
-0.177 
-0.177 
-0.177 
-0.177 
-0.177 
-0.177 
-0.177 
-0.177 
-0.177 
-0.177 
-0.177 
-0.177 
-0.177 
-0.177 
-0.177 
-0.177 
-0.177 
-0.177 
-0.177 
-0.177 
-0.177 
-0.177 
-0.177 
-0.177 
-0.177 
-0.177 
-0.177 
-0.177 
-0.177 
-0.177 
-0.177 
-0.177 
-0.177 
-0.177 
-0.177 
-0.177 
-0.177 
-0.177 
-0.177 
-0.177 
-0.177 
-0.177 
-0.177 
-0.177 
-0.177 
-0.177 
-0.177 
-0.177 
-0.177 
-0.177 
-0.177 
-0.177 
-0.177 
-0.177 
-0.177 
-0.177 
-0.177 
-0.177 
-0.177 
-0.177 
-0.177 
-0.177 
-0.177 
-0.177 
-0.177 
-0.177 
-0.177 
-0.177 
-0.177 
-0.177 
-0.177 
-0.177 
-0.177 
-0.177 
-0.177 
-0.177 
-0.177 
-0.177 
-0.177 
-0.177 
-0.177 
-0.177 
-0.177 
-0.177 
-0.177 
-0.177 
-0.177 
-0.177 
-0.177 
-0.177 
-0.177 
-0.177 
-0.177 
-0.177 
-0.177 
-0.177 
-0.177 
-0.177 
-0.177 
-0.177 
-0.177 
-0.177 
-0.177 
-0.177 
-0.177 
-0.177 
-0.177 
-0.177 
-0.177 
-0.177 
-0.177 
-0.177 
-0.177 
-0.177 
-0.177 
-0.177 
-0.177 
-0.177 
-0.177 
-0.177 
-0.177 
-0.177 
-0.177 
-0.177 
-0.177 
-0.177 
-0.177 
-0.177 
-0.177 
-0.177 
-0.177 
-0.177 
-0.177 
-0.177 
-0.177 
-0.177 
-0.177 
-0.177 
-0.177 
-0.177 
-0.177 
-0.177 
-0.177 
-0.177 
-0.177 
-0.177 
-0.177 
-0.177 
-0.177 
-0.177 
-0.177 
-0.177 
-0.177 
-0.177 
-0.177 
-0.177 
-0.177 
-0.177 
-0.177 
-0.177 
-0.177 
-0.177 
-0.177 
-0.177 
-0.177 
-0.177 
-0.177 
-0.177 
-0.177 
-0.177 
-0.177 
-0.177 
-0.177 
-0.177 
-0.177 
-0.177 
-0.177 
-0.177 
-0.177 
-0.177 
-0.177 
-0.177 
-0.177 
-0.177 
-0.177 
-0.177 
-0.177 
-0.177 
-0.177 
-0.177 
-0.177 
-0.177 
-0.177 
-0.177 
-0.177 
-0.177 
-0.177 
-0.177 
-0.177 
-0.177 
-0.177 
-0.177 
-0.177 
-0.177 
-0.177 
-0.177 
-0.177 
-0.177 
-0.177 
-0.177 
-0.177 
-0.177 
-0.177 
-0.177 
-0.177 
-0.177 
-0.177 
-0.177 
-0.177 
-0.177 
-0.177 
-0.177 
-0.177 
-0.177 
-0.177 
-0.177 
-0.177 
-0.177 
-0.177 
-0.177 
-0.177 
-0.177 
-0.177 
-0.177 
-0.177 
-0.177 
-0.177 
-0.177 
-0.177 
-0.177 
-0.177 
-0.177 
-0.177 
-0.177 
-0.177 
-0.177 
-0.177 
-0.177 
-0.177 
-0.177 
-0.177 
-0.177 
-0.177 
-0.177 
-0.177 
-0.177 
-0.177 
-0.177 
-0.177 
-0.177 
-0.177 
-0.177 
-0.177 
-0.177 
-0.177 
-0.177 
-0.177 
-0.177 
-0.177 
-0.177 
-0.177 
-0.177 
-0.177 
-0.177 
-0.177 
-0.177 
-0.177 
-0.177 
-0.177 
-0.177 
-0.177 
-0.177 
-0.177 
-0.177 
-0.177 
-0.177 
-0.177 
-0.177 
-0.177 
-0.177 
-0.177 
-0.177 
-0.177 
-0.177 
-0.177 
-0.177 
-0.177 
-0.177 
-0.177 
-0.177 
-0.177 
-0.177 
-0.177 
-0.177 
-0.177 
-0.177 
-0.177 
-0.177 
-0.177 
-0.177 
-0.177 
-0.177 
-0.177 
-0.177 
-0.177 
-0.177 
-0.177 
-0.177 
-0.177 
-0.177 
-0.177 
-0.177 
-0.177 
-0.177 
-0.177 
-0.177 
-0.177 
-0.177 
-0.177 
-0.177 
-0.177 
-0.177 
-0.177 
-0.177 
-0.177 
-0.177 
-0.177 
-0.177 
-0.177 
-0.177 
-0.177 
-0.177 
-0.177 
-0.177 
-0.177 
-0.177 
-0.177 
-0.177 
-0.177 
-0.177 
-0.177 
-0.177 
-0.177 
-0.177 
-0.177 
-0.177 
-0.177 
-0.177 
-0.177 
-0.177 
-0.177 
-0.177 
-0.177 
-0.177 
-0.177 
-0.177 
-0.177 
-0.177 
-0.177 
-0.177 
-0.177 
-0.177 
-0.177 
-0.177 
-0.177 
-0.177 
-0.177 
-0.177 
-0.177 
-0.177 
-0.177 
-0.177 
-0.177 
-0.177 
-0.177 
-0.177 
-0.177 
-0.177 
-0.177 
-0.177 
-0.177 
-0.177 
-0.177 
-0.177 
-0.177 
-0.177 
-0.177 
-0.177 
-0.177 
-0.177 
-0.177 
-0.177 
-0.177 
-0.177 
-0.177 
-0.177 
-0.177 
-0.177 
-0.177 
-0.177 
-0.177 
-0.177 
-0.177 
-0.177 
-0.177 
-0.177 
-0.177 
-0.177 
-0.177 
-0.177 
-0.177 
-0.177 
-0.177 
-0.177 
-0.177 
-0.177 
-0.177 
-0.177 
-0.177 
-0.177 
-0.177 
-0.177 
-0.177 
-0.177 
-0.177 
-0.177 
-0.177 
-0.177 
-0.177 
-0.177 
-0.177 
-0.177 
-0.177 
-0.177 
-0.177 
-0.177 
-0.177 
-0.177 
-0.177 
-0.177 
-0.177 
-0.177 
-0.177 
-0.177 
-0.177 
-0.177 
-0.177 
-0.177 
-0.177 
-0.177 
-0.177 
-0.177 
-0.177 
-0.177 
-0.177 
-0.177 
-0.177 
-0.177 
-0.177 
-0.177 
-0.177 
-0.177 
-0.177 
-0.177 
-0.177 
-0.177 
-0.177 
-0.177 
-0.177 
-0.177 
-0.177 
-0.177 
-0.177 
-0.177 
-0.177 
-0.177 
-0.177 
-0.177 
-0.177 
-0.177 
-0.177 
-0.177 
-0.177 
-0.177 
-0.177 
-0.177 
-0.177 
-0.177 
-0.177 
-0.177 
-0.177 
-0.177 
-0.177 
-0.177 
-0.177 
-0.177 
-0.177 
-0.177 
-0.177 
-0.177 
-0.177 
-0.177 
-0.177 
-0.177 
-0.177 
-0.177 
-0.177 
-0.177 
-0.177 
-0.177 
-0.177 
-0.177 
-0.177 
-0.177 
-0.177 
-0.177 
-0.177 
-0.177 
-0.177 
-0.177 
-0.177 
-0.177 
-0.177 
-0.177 
-0.177 
-0.177 
-0.177 
-0.177 
-0.177 
-0.177 
-0.177 
-0.177 
-0.177 
-0.177 
-0.177 
-0.177 
-0.177 
-0.177 
-0.177 
-0.177 
-0.177 
-0.177 
-0.177 
-0.177 
-0.177 
-0.177 
-0.177 
-0.177 
-0.177 
-0.177 
-0.177 
-0.177 
-0.177 
-0.177 
-0.177 
-0.177 
-0.177 
-0.177 
-0.177 
-0.177 
-0.177 
-0.177 
-0.177 
-0.177 
-0.177 
-0.177 
-0.177 
-0.177 
-0.177 
-0.177 
-0.177 
-0.177 
-0.177 
-0.177 
-0.177 
-0.177 
-0.177 
-0.177 
-0.177 
-0.177 
-0.177 
-0.177 
-0.177 
-0.177 
-0.177 
-0.177 
-0.177 
-0.177 
-0.177 
-0.177 
-0.177 
-0.177 
-0.177 
-0.177 
-0.177 
-0.177 
-0.177 
-0.177 
-0.177 
-0.177 
-0.177 
-0.177 
-0.177 
-0.177 
-0.177 
-0.177 
-0.177 
-0.177 
-0.177 
-0.177 
-0.177 
-0.177 
-0.177 
-0.177 
-0.177 
-0.177 
-0.177 
-0.177 
-0.177 
-0.177 
-0.177 
-0.177 
-0.177 
-0.177 
-0.177 
-0.177 
-0.177 
-0.177 
-0.177 
-0.177 
-0.177 
-0.177 
-0.177 
-0.177 
-0.177 
-0.177 
-0.177 
-0.177 
-0.177 
-0.177 
-0.177 
-0.177 
-0.177 
-0.177 
-0.177 
-0.177 
-0.177 
-0.177 
-0.177 
-0.177 
-0.177 
-0.177 
-0.177 
-0.177 
-0.177 
-0.177 
-0.177 
-0.177 
-0.177 
-0.177 
-0.177 
-0.177 
-0.177 
-0.177 
-0.177 
-0.177 
-0.177 
-0.177 
-0.177 
-0.177 
-0.177 
-0.177 
-0.177 
-0.177 
-0.177 
-0.177 
-0.177 
-0.177 
-0.177 
-0.177 
-0.177 
-0.177 
-0.177 
-0.177 
-0.177 
-0.177 
-0.177 
-0.177 
-0.177 
-0.177 
-0.177 
-0.177 
-0.177 
-0.177 
-0.177 
-0.177 
-0.177 
-0.177 
-0.177 
-0.177 
-0.177 
-0.177 
-0.177 
-0.177 
-0.177 
-0.177 
-0.177 
-0.177 
-0.177 
-0.177 
-0.177 
-0.177 
-0.177 
-0.177 
-0.177 
-0.177 
-0.177 
-0.177 
-0.177 
-0.177 
-0.177 
-0.177 
-0.177 
-0.177 
-0.177 
-0.177 
-0.177 
-0.177 
-0.177 
-0.177 
-0.177 
-0.177 
-0.177 
-0.177 
-0.177 
-0.177 
-0.177 
-0.177 
-0.177 
-0.177 
-0.177 
-0.177 
-0.177 
-0.177 
-0.177 
-0.177 
-0.177 
-0.177 
-0.177 
-0.177 
-0.177 
-0.177 
-0.177 
-0.177 
-0.177 
-0.177 
-0.177 
-0.177 
-0.177 
-0.177 
-0.177 
-0.177 
-0.177 
-0.177 
-0.177 
-0.177 
-0.177 
-0.177 
-0.177 
-0.177 
-0.177 
-0.177 
-0.177 
-0.177 
-0.177 
-0.177 
-0.177 
-0.177 
-0.177 
-0.177 
-0.177 
-0.177 
-0.177 
-0.177 
-0.177 
-0.177 
-0.177 
-0.177 
-0.177 
-0.177 
-0.177 
-0.177 
-0.177 
-0.177 
-0.177 
-0.177 
-0.177 
-0.177 
-0.177 
-0.177 
-0.177 
-0.177 
-0.177 
-0.177 
-0.177 
-0.177 
-0.177 
-0.177 
-0.177 
-0.177 
-0.177 
-0.177 
-0.177 
-0.177 
-0.177 
-0.177 
-0.177 
-0.177 
-0.177 
-0.177 
-0.177 
-0.177 
-0.177 
-0.177 
-0.177 
-0.177 
-0.177 
-0.177 
-0.177 
-0.177 
-0.177 
-0.177 
-0.177 
-0.177 
-0.177 
-0.177 
-0.177 
-0.177 
-0.177 
-0.177 
-0.177 
-0.177 
-0.177 
-0.177 
-0.177 
-0.177 
-0.177 
-0.177 
-0.177 
-0.177 
-0.177 
-0.177 
-0.177 
-0.177 
-0.177 
-0.177 
-0.177 
-0.177 
-0.177 
-0.177 
-0.177 
-0.177 
-0.177 
-0.177 
-0.177 
-0.177 
-0.177 
-0.177 
-0.177 
-0.177 
-0.177 
-0.177 
-0.177 
-0.177 
-0.177 
-0.177 
-0.177 
-0.177 
-0.177 
-0.177 
-0.177 
-0.177 
-0.177 
-0.177 
-0.177 
-0.177 
-0.177 
-0.177 
-0.177 
-0.177 
-0.177 
-0.177 
-0.177 
-0.177 
-0.177 
-0.177 
-0.177 
-0.177 
-0.177 
-0.177 
-0.177 
-0.177 
-0.177 
-0.177 
-0.177 
-0.177 
-0.177 
-0.177 
-0.177 
-0.177 
-0.177 
-0.177 
-0.177 
-0.177 
-0.177 
-0.177 
-0.177 
-0.177 
-0.177 
-0.177 
-0.177 
-0.177 
-0.177 
-0.177 
-0.177 
-0.177 
-0.177 
-0.177 
-0.177 
-0.177 
-0.177 
-0.177 
-0.177 
-0.177 
-0.177 
-0.177 
-0.177 
-0.177 
-0.177 
-0.177 
-0.177 
-0.177 
-0.177 
-0.177 
-0.177 
-0.177 
-0.177 
-0.177 
-0.177 
-0.177 
-0.177 
-0.177 
-0.177 
-0.177 
-0.177 
-0.177 
-0.177 
-0.177 
-0.177 
-0.177 
-0.177 
-0.177 
-0.177 
-0.177 
-0.177 
-0.177 
-0.177 
-0.177 
-0.177 
-0.177 
-0.177 
-0.177 
-0.177 
-0.177 
-0.177 
-0.177 
-0.177 
-0.177 
-0.177 
-0.177 
-0.177 
-0.177 
-0.177 
-0.177 
-0.177 
-0.177 
-0.177 
-0.177 
-0.177 
-0.177 
-0.177 
-0.177 
-0.177 
-0.177 
-0.177 
-0.177 
-0.177 
-0.177 
-0.177 
-0.177 
-0.177 
-0.177 
-0.177 
-0.177 
-0.177 
-0.177 
-0.177 
-0.177 
-0.177 
-0.177 
-0.177 
-0.177 
-0.177 
-0.177 
-0.177 
-0.177 
-0.177 
-0.177 
-0.177 
-0.177 
-0.177 
-0.177 
-0.177 
-0.177 
-0.177 
-0.177 
-0.177 
-0.177 
-0.177 
-0.177 
-0.177 
-0.177 
-0.177 
-0.177 
-0.177 
-0.177 
-0.177 
-0.177 
-0.177 
-0.177 
-0.177 
-0.177 
-0.177 
-0.177 
-0.177 
-0.177 
-0.177 
-0.177 
-0.177 
-0.177 
-0.177 
-0.177 
-0.177 
-0.177 
-0.177 
-0.177 
-0.177 
-0.177 
-0.177 
-0.177 
-0.177 
-0.177 
-0.177 
-0.177 
-0.177 
-0.177 
-0.177 
-0.177 
-0.177 
-0.177 
-0.177 
-0.177 
-0.177 
-0.177 
-0.177 
-0.177 
-0.177 
-0.177 
-0.177 
-0.177 
-0.177 
-0.177 
-0.177 
-0.177 
-0.177 
-0.177 
-0.177 
-0.177 
-0.177 
-0.177 
-0.177 
-0.177 
-0.177 
-0.177 
-0.177 
-0.177 
-0.177 
-0.177 
-0.177 
-0.177 
-0.177 
-0.177 
-0.177 
-0.177 
-0.177 
-0.177 
-0.177 
-0.177 
-0.177 
-0.177 
-0.177 
-0.177 
-0.177 
-0.177 
-0.177 
-0.177 
-0.177 
-0.177 
-0.177 
-0.177 
-0.177 
-0.177 
-0.177 
-0.177 
-0.177 
-0.177 
-0.177 
-0.177 
-0.177 
-0.177 
-0.177 
-0.177 
-0.177 
-0.177 
-0.177 
-0.177 
-0.177 
-0.177 
-0.177 
-0.177 
-0.177 
-0.177 
-0.177 
-0.177 
-0.177 
-0.177 
-0.177 
-0.177 
-0.177 
-0.177 
-0.177 
-0.177 
-0.177 
-0.177 
-0.177 
-0.177 
-0.177 
-0.177 
-0.177 
-0.177 
-0.177 
-0.177 
-0.177 
-0.177 
-0.177 
-0.177 
-0.177 
-0.177 
-0.177 
-0.177 
-0.177 
-0.177 
-0.177 
-0.177 
-0.177 
-0.177 
-0.177 
-0.177 
-0.177 
-0.177 
-0.177 
-0.177 
-0.177 
-0.177 
-0.177 
-0.177 
-0.177 
-0.177 
-0.177 
-0.177 
-0.177 
-0.177 
-0.177 
-0.177 
-0.177 
-0.177 
-0.177 
-0.177 
-0.177 
-0.177 
-0.177 
-0.177 
-0.177 
-0.177 
-0.177 
-0.177 
-0.177 
-0.177 
-0.177 
-0.177 
-0.177 
-0.177 
-0.177 
-0.177 
-0.177 
-0.177 
-0.177 
-0.177 
-0.177 
-0.177 
-0.177 
-0.177 
-0.177 
-0.177 
-0.177 
-0.177 
-0.177 
-0.177 
-0.177 
-0.177 
-0.177 
-0.177 
-0.177 
-0.177 
-0.177 
-0.177 
-0.177 
-0.177 
-0.177 
-0.177 
-0.177 
-0.177 
-0.177 
-0.177 
-0.177 
-0.177 
-0.177 
-0.177 
-0.177 
-0.177 
-0.177 
-0.177 
-0.177 
-0.177 
-0.177 
-0.177 
-0.177 
-0.177 
-0.177 
-0.177 
-0.177 
-0.177 
-0.177 
-0.177 
-0.177 
-0.177 
-0.177 
-0.177 
-0.177 
-0.177 
-0.177 
-0.177 
-0.177 
-0.177 
-0.177 
-0.177 
-0.177 
-0.177 
-0.177 
-0.177 
-0.177 
-0.177 
-0.177 
-0.177 
-0.177 
-0.177 
-0.177 
-0.177 
-0.177 
-0.177 
-0.177 
-0.177 
-0.177 
-0.177 
-0.177 
-0.177 
-0.177 
-0.177 
-0.177 
-0.177 
-0.177 
-0.177 
-0.177 
-0.177 
-0.177 
-0.177 
-0.177 
-0.177 
-0.177 
-0.177 
-0.177 
-0.177 
-0.177 
-0.177 
-0.177 
-0.177 
-0.177 
-0.177 
-0.177 
-0.177 
-0.177 
-0.177 
-0.177 
-0.177 
-0.177 
-0.177 
-0.177 
-0.177 
-0.177 
-0.177 
-0.177 
-0.177 
-0.177 
-0.177 
-0.177 
-0.177 
-0.177 
-0.177 
-0.177 
-0.177 
-0.177 
-0.177 
-0.177 
-0.177 
-0.177 
-0.177 
-0.177 
-0.177 
-0.177 
-0.177 
-0.177 
-0.177 
-0.177 
-0.177 
-0.177 
-0.177 
-0.177 
-0.177 
-0.177 
-0.177 
-0.177 
-0.177 
-0.177 
-0.177 
-0.177 
-0.177 
-0.177 
-0.177 
-0.177 
-0.177 
-0.177 
-0.177 
-0.177 
-0.177 
-0.177 
-0.177 
-0.177 
-0.177 
-0.177 
-0.177 
-0.177 
-0.177 
-0.177 
-0.177 
-0.177 
-0.177 
-0.177 
-0.177 
-0.177 
-0.177 
-0.177 
-0.177 
-0.177 
-0.177 
-0.177 
-0.177 
-0.177 
-0.177 
-0.177 
-0.177 
-0.177 
-0.177 
-0.177 
-0.177 
-0.177 
-0.177 
-0.177 
-0.177 
-0.177 
-0.177 
-0.177 
-0.177 
-0.177 
-0.177 
-0.177 
-0.177 
-0.177 
-0.177 
-0.177 
-0.177 
-0.177 
-0.177 
-0.177 
-0.177 
-0.177 
-0.177 
-0.177 
-0.177 
-0.177 
-0.177 
-0.177 
-0.177 
-0.177 
-0.177 
-0.177 
-0.177 
-0.177 
-0.177 
-0.177 
-0.177 
-0.177 
-0.177 
-0.177 
-0.177 
-0.177 
-0.177 
-0.177 
-0.177 
-0.177 
-0.177 
-0.177 
-0.177 
-0.177 
-0.177 
-0.177 
-0.177 
-0.177 
-0.177 
-0.177 
-0.177 
-0.177 
-0.177 
-0.177 
-0.177 
-0.177 
-0.177 
-0.177 
-0.177 
-0.177 
-0.177 
-0.177 
-0.177 
-0.177 
-0.177 
-0.177 
-0.177 
-0.177 
-0.177 
-0.177 
-0.177 
-0.177 
-0.177 
-0.177 
-0.177 
-0.177 
-0.177 
-0.177 
-0.177 
-0.177 
-0.177 
-0.177 
-0.177 
-0.177 
-0.177 
-0.177 
-0.177 
-0.177 
-0.177 
-0.177 
-0.177 
-0.177 
-0.177 
-0.177 
-0.177 
-0.177 
-0.177 
-0.177 
-0.177 
-0.177 
-0.177 
-0.177 
-0.177 
-0.177 
-0.177 
-0.177 
-0.177 
-0.177 
-0.177 
-0.177 
-0.177 
-0.177 
-0.177 
-0.177 
-0.177 
-0.177 
-0.177 
-0.177 
-0.177 
-0.177 
-0.177 
-0.177 
-0.177 
-0.177 
-0.177 
-0.177 
-0.177 
-0.177 
-0.177 
-0.177 
-0.177 
-0.177 
-0.177 
-0.177 
-0.177 
-0.177 
-0.177 
-0.177 
-0.177 
-0.177 
-0.177 
-0.177 
-0.177 
-0.177 
-0.177 
-0.177 
-0.177 
-0.177 
-0.177 
-0.177 
-0.177 
-0.177 
-0.177 
-0.177 
-0.177 
-0.177 
-0.177 
-0.177 
-0.177 
-0.177 
-0.177 
-0.177 
-0.177 
-0.177 
-0.177 
-0.177 
-0.177 
-0.177 
-0.177 
-0.177 
-0.177 
-0.177 
-0.177 
-0.177 
-0.177 
-0.177 
-0.177 
-0.177 
-0.177 
-0.177 
-0.177 
-0.177 
-0.177 
-0.177 
-0.177 
-0.177 
-0.177 
-0.177 
-0.177 
-0.177 
-0.177 
-0.177 
-0.177 
-0.177 
-0.177 
-0.177 
-0.177 
-0.177 
-0.177 
-0.177 
-0.177 
-0.177 
-0.177 
-0.177 
-0.177 
-0.177 
-0.177 
-0.177 
-0.177 
-0.177 
-0.177 
-0.177 
-0.177 
-0.177 
-0.177 
-0.177 
-0.177 
-0.177 
-0.177 
-0.177 
-0.177 
-0.177 
-0.177 
-0.177 
-0.177 
-0.177 
-0.177 
-0.177 
-0.177 
-0.177 
-0.177 
-0.177 
-0.177 
-0.177 
-0.177 
-0.177 
-0.177 
-0.177 
-0.177 
-0.177 
-0.177 
-0.177 
-0.177 
-0.177 
-0.177 
-0.177 
-0.177 
-0.177 
-0.177 
-0.177 
-0.177 
-0.177 
-0.177 
-0.177 
-0.177 
-0.177 
-0.177 
-0.177 
-0.177 
-0.177 
-0.177 
-0.177 
-0.177 
-0.177 
-0.177 
-0.177 
-0.177 
-0.177 
-0.177 
-0.177 
-0.177 
-0.177 
-0.177 
-0.177 
-0.177 
-0.177 
-0.177 
-0.177 
-0.177 
-0.177 
-0.177 
-0.177 
-0.177 
-0.177 
-0.177 
-0.177 
-0.177 
-0.177 
-0.177 
-0.177 
-0.177 
-0.177 
-0.177 
-0.177 
-0.177 
-0.177 
-0.177 
-0.177 
-0.177 
-0.177 
-0.177 
-0.177 
-0.177 
-0.177 
-0.177 
-0.177 
-0.177 
-0.177 
-0.177 
-0.177 
-0.177 
-0.177 
-0.177 
-0.177 
-0.177 
-0.177 
-0.177 
-0.177 
-0.177 
-0.177 
-0.177 
-0.177 
-0.177 
-0.177 
-0.177 
-0.177 
-0.177 
-0.177 
-0.177 
-0.177 
-0.177 
-0.177 
-0.177 
-0.177 
-0.177 
-0.177 
-0.177 
-0.177 
-0.177 
-0.177 
-0.177 
-0.177 
-0.177 
-0.177 
-0.177 
-0.177 
-0.177 
-0.177 
-0.177 
-0.177 
-0.177 
-0.177 
-0.177 
-0.177 
-0.177 
-0.177 
-0.177 
-0.177 
-0.177 
-0.177 
-0.177 
-0.177 
-0.177 
-0.177 
-0.177 
-0.177 
-0.177 
-0.177 
-0.177 
-0.177 
-0.177 
-0.177 
-0.177 
-0.177 
-0.177 
-0.177 
-0.177 
-0.177 
-0.177 
-0.177 
-0.177 
-0.177 
-0.177 
-0.177 
-0.177 
-0.177 
-0.177 
-0.177 
-0.177 
-0.177 
-0.177 
-0.177 
-0.177 
-0.177 
-0.177 
-0.177 
-0.177 
-0.177 
-0.177 
-0.177 
-0.177 
-0.177 
-0.177 
-0.177 
-0.177 
-0.177 
-0.177 
-0.177 
-0.177 
-0.177 
-0.177 
-0.177 
-0.177 
-0.177 
-0.177 
-0.177 
-0.177 
-0.177 
-0.177 
-0.177 
-0.177 
-0.177 
-0.177 
-0.177 
-0.177 
-0.177 
-0.177 
-0.177 
-0.177 
-0.177 
-0.177 
-0.177 
-0.177 
-0.177 
-0.177 
-0.177 
-0.177 
-0.177 
-0.177 
-0.177 
-0.177 
-0.177 
-0.177 
-0.177 
-0.177 
-0.177 
-0.177 
-0.177 
-0.177 
-0.177 
-0.177 
-0.177 
-0.177 
-0.177 
-0.177 
-0.177 
-0.177 
-0.177 
-0.177 
-0.177 
-0.177 
-0.177 
-0.177 
-0.177 
-0.177 
-0.177 
-0.177 
-0.177 
-0.177 
-0.177 
-0.177 
-0.177 
-0.177 
-0.177 
-0.177 
-0.177 
-0.177 
-0.177 
-0.177 
-0.177 
-0.177 
-0.177 
-0.177 
-0.177 
-0.177 
-0.177 
-0.177 
-0.177 
-0.177 
-0.177 
-0.177 
-0.177 
-0.177 
-0.177 
-0.177 
-0.177 
-0.177 
-0.177 
-0.177 
-0.177 
-0.177 
-0.177 
-0.177 
-0.177 
-0.177 
-0.177 
-0.177 
-0.177 
-0.177 
-0.177 
