0 
0.24 
0.24 
0.04 
0.04 
0.04 
0.04 
0.04 
0.04 
-2 
-2 
-0.3 
-0.3 
-0.3 
-0.3 
1.53 
1.53 
0.005 
0.005 
0.005 
0.005 
0.785 
0.135 
0.135 
0.135 
0.135 
0.135 
0.135 
-2.505 
-2.505 
-0.305 
-0.305 
-0.305 
-0.305 
-0.305 
-0.305 
-0.305 
-0.305 
-0.305 
-0.305 
-0.305 
-0.305 
1.765 
1.765 
0.04 
0.04 
0.04 
0.04 
-2.03 
-2.03 
-0.305 
-0.305 
-0.305 
-0.305 
-0.215 
-0.215 
-0.29 
-0.29 
-0.29 
-0.29 
-0.35 
-0.35 
-0.3 
-0.3 
-0.3 
-0.3 
-0.3 
-0.3 
-0.3 
-0.3 
-0.3 
-0.3 
-0.3 
-0.3 
-0.3 
-0.3 
-0.3 
-0.3 
-0.3 
-0.3 
1.56 
1.56 
0.01 
0.01 
0.01 
0.01 
0.01 
0.01 
0.01 
0.01 
0.01 
0.01 
0.01 
0.01 
0.01 
0.01 
0.01 
0.01 
0.01 
0.01 
0.01 
0.01 
0.01 
0.01 
0.01 
0.01 
-1.88 
-1.88 
-0.305 
-0.305 
-0.305 
-0.305 
-0.305 
-0.305 
-0.305 
-0.305 
-0.305 
-0.305 
-0.305 
-0.245 
-0.245 
-0.295 
-0.295 
-0.295 
-0.295 
-0.295 
-0.295 
-0.295 
-0.295 
-0.295 
-0.295 
1.715 
1.715 
0.04 
0.04 
0.04 
0.04 
-2.03 
-2.03 
-0.305 
-0.305 
-0.305 
-0.305 
-0.245 
-0.245 
-0.295 
-0.295 
-0.295 
-0.295 
-0.295 
-0.295 
-0.355 
-0.355 
-0.305 
-0.305 
-0.305 
-0.305 
-0.245 
-0.245 
-0.295 
-0.295 
-0.295 
-0.295 
-0.355 
-0.355 
-0.305 
-0.305 
-0.305 
-0.305 
1.585 
1.585 
0.01 
0.01 
0.01 
0.01 
-1.85 
-1.85 
-0.3 
-0.3 
-0.3 
-0.3 
-0.3 
-0.3 
-0.24 
-0.24 
-0.29 
-0.29 
-0.29 
-0.29 
-0.35 
-0.35 
-0.3 
-0.3 
-0.3 
-0.3 
-0.3 
-0.3 
-0.3 
-0.3 
-0.3 
-0.3 
-0.3 
-0.3 
-0.3 
-0.3 
-0.3 
-0.3 
-0.3 
1.74 
1.74 
0.04 
0.04 
0.04 
0.04 
-2.3 
-2.3 
-0.35 
-0.35 
-0.35 
-0.35 
0.13 
0.13 
-0.27 
-0.27 
-0.27 
-0.27 
2.07 
2.07 
0.12 
0.12 
0.12 
0.12 
0.12 
0.12 
0.12 
0.12 
0.12 
0.12 
-0.42 
-0.42 
0.03 
0.03 
0.03 
0.03 
-1.41 
-1.41 
-0.21 
-0.21 
-0.21 
-0.21 
1.26 
1.26 
0.035 
0.035 
0.035 
0.035 
-0.175 
-0.175 
0 
0 
0 
0 
-1.2 
-1.2 
-0.2 
-0.2 
1.03 
1.03 
-0.145 
-0.145 
-0.02 
-0.02 
-0.11 
-0.11 
-0.035 
-0.035 
-0.035 
-0.035 
-0.035 
-0.035 
-0.035 
-0.035 
-0.035 
-0.035 
-0.035 
-0.035 
-0.035 
-0.035 
-0.035 
-0.035 
-0.035 
-0.035 
-0.035 
-0.035 
-0.035 
-0.035 
-0.035 
-0.035 
-0.035 
-0.035 
-0.035 
-0.035 
-0.035 
-0.035 
-0.035 
-0.035 
-0.035 
-0.035 
-0.035 
-0.035 
-0.035 
-0.035 
-0.035 
-0.035 
-0.035 
-1.145 
-1.145 
-0.22 
-0.22 
-0.16 
-0.16 
-0.09 
-0.09 
-0.19 
-0.19 
-0.13 
-0.13 
-0.15 
-0.15 
-0.175 
-0.175 
-0.115 
-0.115 
-0.165 
-0.165 
-0.075 
-0.075 
-0.09 
-0.09 
-0.14 
-0.14 
-0.11 
-0.11 
-0.135 
-0.135 
-0.075 
-0.075 
-0.035 
-0.11 
-0.11 
-0.05 
-0.05 
-0.1 
-0.1 
-0.04 
-0.04 
-0.09 
-0.09 
-0.06 
-0.06 
0.005 
0.005 
-0.07 
-0.07 
-0.01 
-0.01 
-0.06 
-0.06 
3.72529e-09 
3.72529e-09 
0.01 
0.01 
-0.04 
-0.04 
-0.01 
-0.01 
-0.035 
-0.035 
0.025 
0.025 
0.005 
0.005 
-0.02 
-0.02 
0.01 
0.01 
-0.015 
-0.015 
0.015 
0.015 
0.02 
0.02 
-0.005 
-0.005 
0.025 
0.025 
0 
0 
-0.03 
-0.03 
0.025 
0.025 
0 
0 
0 
0 
0 
0 
0 
0 
0 
0 
0 
0 
0 
0 
0 
0 
0 
0 
0 
0 
0 
0 
0 
0 
0 
0 
0 
0 
0 
0 
0 
0 
0.03 
0.03 
-0.025 
-0.025 
0 
0 
0 
0 
0 
0 
0 
0 
0 
0 
0 
0 
0 
0 
0 
0 
0 
0 
0 
0 
0 
0 
0 
0 
0 
0 
0 
0 
0 
0 
0 
-0.03 
-0.03 
-0.005 
-0.005 
-0.005 
-0.005 
-0.005 
-0.005 
-0.005 
-0.005 
-0.005 
-0.005 
-0.005 
-0.005 
-0.005 
-0.005 
-0.005 
-0.005 
-0.005 
-0.005 
-0.005 
-0.005 
-0.005 
-0.005 
-0.065 
-0.065 
-0.015 
-0.015 
-0.015 
-0.015 
-0.015 
-0.015 
-0.015 
-0.015 
-0.015 
-0.015 
-0.015 
-0.015 
-0.015 
-0.015 
-0.015 
-0.015 
-0.015 
-0.015 
0.015 
0.015 
-0.01 
-0.01 
-0.01 
-0.01 
-0.01 
-0.01 
-0.01 
-0.01 
-0.01 
-0.01 
-0.01 
-0.01 
-0.01 
-0.01 
-0.01 
-0.01 
-0.01 
-0.01 
0.02 
0.02 
-0.005 
-0.005 
-0.005 
-0.005 
-0.005 
-0.005 
-0.005 
-0.005 
-0.005 
-0.005 
-0.005 
-0.005 
-0.005 
-0.005 
-0.005 
-0.005 
-0.005 
-0.005 
-0.005 
-0.005 
-0.005 
-0.005 
-0.005 
-0.005 
-0.005 
-0.005 
-0.005 
-0.005 
-0.005 
-0.005 
-0.005 
-0.065 
-0.065 
-0.015 
-0.015 
-0.015 
-0.015 
-0.015 
-0.015 
-0.015 
-0.015 
-0.015 
-0.015 
-0.015 
-0.015 
-0.045 
-0.045 
-0.02 
-0.02 
-0.02 
-0.02 
-0.02 
-0.02 
-0.02 
-0.02 
-0.02 
-0.02 
-0.05 
-0.05 
-0.025 
-0.025 
-0.025 
-0.025 
-0.025 
-0.025 
-0.025 
-0.025 
-0.025 
-0.025 
-0.025 
-0.025 
-0.025 
-0.025 
-0.025 
-0.025 
-0.025 
-0.025 
-0.025 
-0.025 
-0.025 
-0.025 
-0.025 
-0.025 
-0.025 
-0.025 
-0.025 
-0.025 
-0.025 
-0.025 
-0.025 
-0.025 
-0.025 
-0.025 
-0.025 
-0.025 
-0.025 
-0.025 
-0.025 
-0.025 
-0.025 
-0.025 
-0.025 
-0.025 
-0.025 
-0.025 
-0.025 
-0.025 
-0.025 
-0.025 
-0.025 
-0.025 
-0.025 
-0.025 
-0.025 
-0.025 
-0.025 
-0.025 
-0.025 
-0.025 
-0.025 
-0.055 
-0.055 
-0.03 
-0.03 
1.86265e-09 
1.86265e-09 
-0.025 
-0.025 
-0.025 
-0.025 
-0.025 
-0.025 
-0.025 
-0.025 
-0.025 
-0.025 
-0.025 
-0.025 
-0.025 
-0.025 
-0.025 
-0.025 
-0.025 
-0.025 
0.005 
0.005 
-0.02 
-0.02 
-0.05 
-0.05 
0.005 
0.005 
-0.02 
-0.02 
-0.02 
-0.02 
-0.02 
-0.02 
-0.02 
-0.02 
-0.02 
-0.02 
-0.02 
-0.02 
-0.02 
-0.02 
-0.02 
-0.02 
-0.02 
-0.02 
-0.02 
-0.02 
-0.02 
-0.02 
-0.02 
-0.02 
-0.02 
-0.02 
-0.02 
-0.02 
-0.02 
-0.02 
-0.02 
-0.02 
-0.02 
-0.02 
-0.02 
-0.02 
-0.02 
-0.02 
-0.02 
-0.02 
-0.02 
-0.02 
-0.02 
-0.02 
-0.02 
-0.02 
-0.02 
-0.02 
-0.02 
-0.02 
-0.02 
-0.02 
-0.02 
-0.02 
-0.02 
-0.02 
-0.02 
-0.02 
-0.02 
-0.02 
-0.02 
-0.02 
-0.02 
-0.02 
-0.02 
-0.02 
0.01 
0.01 
-0.015 
-0.015 
-0.015 
-0.015 
-0.015 
-0.015 
-0.015 
-0.015 
-0.015 
-0.015 
-0.015 
-0.015 
-0.015 
0.015 
0.015 
-0.01 
-0.01 
-0.01 
-0.01 
-0.01 
-0.01 
-0.01 
-0.01 
-0.01 
-0.01 
-0.01 
-0.01 
-0.01 
-0.01 
-0.01 
-0.01 
-0.01 
-0.01 
-0.01 
-0.01 
-0.01 
-0.01 
-0.01 
-0.01 
-0.01 
-0.01 
-0.01 
-0.01 
-0.01 
-0.01 
-0.01 
-0.01 
-0.01 
-0.01 
-0.01 
-0.01 
-0.01 
-0.01 
0.02 
0.02 
-0.005 
-0.005 
-0.005 
-0.005 
-0.005 
-0.005 
-0.005 
-0.005 
-0.005 
-0.005 
-0.005 
-0.005 
-0.005 
-0.005 
-0.005 
-0.005 
0.025 
0.025 
0 
0 
0 
0 
0 
0 
0 
0 
0 
0 
0 
0 
0 
0 
0 
0 
0 
0 
0 
0 
0 
0 
0 
0 
0 
0 
0 
0 
0 
0 
0 
0 
0 
0 
0 
0 
0 
0 
0 
0 
0 
0 
0 
0 
0 
0 
0 
0 
0 
0 
0 
0 
0 
0 
0 
0 
0 
0 
0 
0 
0 
0 
0 
0.03 
0.03 
0.005 
0.005 
0.005 
0.005 
0.005 
0.005 
0.005 
0.005 
0.035 
0.035 
0.01 
0.01 
0.01 
0.01 
0.01 
0.01 
0.01 
0.01 
0.01 
0.01 
0.01 
0.01 
0.04 
0.04 
0.015 
0.015 
0.015 
0.015 
0.045 
0.045 
0.02 
0.02 
0.02 
0.02 
0.02 
0.02 
0.02 
0.02 
0.05 
0.05 
0.025 
0.025 
0.025 
0.025 
0.055 
0.055 
0.03 
0.03 
0.03 
0.03 
0.03 
0.03 
0.03 
0.03 
0.03 
0.03 
0.03 
0.03 
0.03 
0.03 
0.03 
0.03 
0.03 
0.03 
0.03 
0.03 
0.03 
0.03 
0.03 
0.03 
0.03 
0.03 
0.03 
0.03 
0.03 
0.03 
0.03 
0.03 
0.03 
0.03 
-1.86265e-09 
-1.86265e-09 
0.025 
0.025 
0.025 
0.025 
0.025 
0.025 
-0.005 
-0.005 
0.02 
0.02 
0.02 
0.02 
0.02 
0.02 
0.02 
-0.01 
-0.01 
0.015 
0.015 
0.015 
0.015 
0.015 
0.015 
0.015 
0.015 
0.015 
0.015 
0.015 
0.015 
0.015 
0.015 
0.015 
0.015 
0.015 
0.015 
0.015 
0.015 
0.015 
0.015 
0.015 
0.015 
0.015 
0.015 
0.015 
0.015 
0.015 
0.015 
0.015 
0.015 
0.015 
0.015 
0.015 
0.015 
0.015 
0.015 
0.045 
0.045 
0.02 
0.02 
0.02 
0.02 
-0.01 
-0.01 
0.015 
0.015 
0.045 
0.045 
0.02 
0.02 
0.02 
0.02 
0.02 
0.02 
0.02 
0.02 
0.02 
0.02 
0.02 
0.02 
-0.01 
-0.01 
0.045 
0.045 
0.02 
0.02 
0.02 
0.02 
0.02 
-0.01 
-0.01 
0.015 
0.015 
0.015 
0.015 
0.015 
0.015 
0.015 
0.015 
0.015 
0.015 
0.015 
0.015 
-0.015 
-0.015 
0.01 
0.01 
0.01 
0.01 
0.01 
0.01 
0.01 
0.01 
-0.02 
-0.02 
0.005 
0.005 
0.005 
0.005 
0.005 
0.005 
0.005 
0.005 
-0.025 
-0.025 
0 
0 
0 
0 
0 
0 
0 
0 
0 
0 
0 
0 
0 
0 
0 
0 
0 
0 
0 
0 
0 
0 
0 
0 
0 
0 
0.03 
0.03 
0.005 
0.005 
0.005 
0.005 
0.005 
0.035 
0.035 
0.01 
0.01 
0.01 
0.01 
0.01 
0.01 
0.01 
0.01 
0.04 
0.04 
0.015 
0.015 
0.045 
0.045 
0.02 
0.02 
0.02 
0.02 
0.02 
0.02 
0.02 
0.02 
0.05 
0.05 
0.025 
0.025 
0.025 
0.025 
-0.005 
-0.005 
0.02 
0.02 
0.02 
0.02 
-0.01 
-0.01 
0.015 
0.015 
-0.015 
-0.015 
0.01 
0.01 
-0.02 
-0.02 
0.005 
0.005 
0.005 
0.005 
-0.025 
-0.025 
0 
0 
0 
0 
0 
0 
0 
0 
0 
0 
-0.03 
-0.03 
-0.005 
-0.005 
-0.035 
-0.035 
-0.01 
-0.01 
-0.01 
-0.01 
-0.01 
-0.01 
-0.01 
-0.01 
-0.01 
-0.01 
-0.01 
-0.01 
-0.01 
-0.01 
-0.01 
-0.01 
-0.01 
-0.01 
-0.01 
-0.04 
-0.04 
-0.015 
-0.015 
-0.015 
-0.015 
-0.015 
-0.015 
-0.015 
-0.015 
-0.045 
-0.045 
-0.02 
-0.02 
-0.02 
-0.02 
-0.02 
-0.02 
-0.02 
-0.02 
-0.02 
-0.02 
-0.02 
-0.02 
-0.02 
-0.02 
0.01 
0.01 
-0.015 
-0.015 
-0.015 
-0.015 
-0.045 
-0.045 
-0.02 
-0.02 
-0.05 
-0.05 
0.005 
0.005 
-0.02 
-0.02 
0.01 
0.01 
-0.015 
-0.015 
0.015 
0.015 
-0.01 
-0.01 
-0.01 
-0.01 
-0.01 
0.02 
0.02 
-0.005 
-0.005 
-0.005 
-0.005 
-0.005 
-0.005 
-0.005 
-0.005 
-0.005 
-0.005 
0.025 
0.025 
0 
0 
0 
0 
0 
0 
0 
0 
0 
0 
0 
0 
0 
0 
0 
0 
0 
0 
0.03 
0.03 
0.005 
0.005 
0.005 
0.005 
0.005 
0.005 
0.005 
0.005 
0.005 
0.005 
0.005 
0.005 
0.035 
0.035 
0.04 
0.04 
0.015 
0.015 
0.015 
0.015 
0.015 
0.015 
0.015 
0.015 
0.045 
0.045 
0.02 
0.02 
0.02 
0.02 
0.05 
0.05 
0.025 
0.025 
0.025 
0.025 
0.025 
0.025 
0.055 
0.03 
0.03 
0.06 
0.06 
0.035 
0.035 
0.035 
0.035 
0.065 
0.065 
0.04 
0.04 
0.07 
0.07 
0.045 
0.045 
0.045 
0.045 
0.075 
0.075 
0.05 
0.05 
0.08 
0.08 
0.055 
0.055 
0.055 
0.055 
0.085 
0.085 
0.06 
0.06 
0.06 
0.06 
0.06 
0.06 
0.09 
0.09 
0.065 
0.065 
0.065 
0.065 
0.095 
0.095 
0.07 
0.07 
0.1 
0.1 
0.075 
0.075 
0.075 
0.075 
0.105 
0.105 
0.08 
0.08 
0.08 
0.08 
0.08 
0.08 
0.08 
0.08 
0.11 
0.11 
0.085 
0.085 
0.085 
0.115 
0.115 
0.09 
0.09 
0.09 
0.09 
0.09 
0.09 
0.12 
0.12 
0.095 
0.095 
0.095 
0.095 
0.125 
0.125 
0.1 
0.1 
0.1 
0.1 
0.1 
0.1 
0.1 
0.1 
0.13 
0.13 
0.105 
0.105 
0.105 
0.105 
0.105 
0.105 
0.105 
0.105 
0.135 
0.135 
0.11 
0.11 
0.11 
0.11 
0.14 
0.14 
0.115 
0.115 
0.115 
0.115 
0.115 
0.115 
0.145 
0.145 
0.12 
0.12 
0.12 
0.12 
0.15 
0.15 
0.155 
0.155 
0.13 
0.13 
0.13 
0.13 
0.13 
0.13 
0.16 
0.16 
0.135 
0.135 
0.135 
0.135 
0.135 
0.135 
0.135 
0.165 
0.165 
0.14 
0.14 
0.17 
0.17 
0.145 
0.145 
0.145 
0.145 
0.145 
0.145 
0.145 
0.145 
0.175 
0.175 
0.15 
0.15 
0.15 
0.15 
0.15 
0.15 
0.15 
0.15 
0.18 
0.18 
0.155 
0.155 
0.155 
0.155 
0.155 
0.155 
0.155 
0.155 
0.185 
0.185 
0.16 
0.16 
0.16 
0.16 
0.19 
0.19 
0.165 
0.165 
0.165 
0.165 
0.165 
0.165 
0.165 
0.165 
0.135 
0.135 
0.16 
0.16 
0.16 
0.16 
0.16 
0.16 
0.16 
0.16 
0.19 
0.19 
0.165 
0.165 
0.165 
0.165 
0.165 
0.195 
0.195 
0.2 
0.2 
0.175 
0.175 
0.175 
0.175 
0.175 
0.175 
0.205 
0.205 
0.21 
0.21 
0.185 
0.185 
0.215 
0.215 
0.22 
0.22 
0.195 
0.195 
0.225 
0.225 
0.2 
0.2 
0.23 
0.23 
0.235 
0.235 
0.21 
0.21 
0.24 
0.24 
0.215 
0.215 
0.245 
0.245 
0.25 
0.25 
0.225 
0.225 
0.255 
0.255 
0.23 
0.23 
0.23 
0.23 
0.26 
0.26 
0.235 
0.235 
0.235 
0.235 
0.235 
0.235 
0.235 
0.235 
0.235 
0.235 
0.235 
0.235 
0.235 
0.235 
0.235 
0.235 
0.235 
0.235 
0.235 
0.235 
0.235 
0.235 
0.235 
0.235 
0.235 
0.235 
0.235 
0.235 
0.235 
0.235 
0.235 
0.235 
0.235 
0.235 
0.235 
0.265 
0.265 
0.24 
0.24 
0.24 
0.24 
0.24 
0.24 
0.24 
0.24 
0.27 
0.27 
0.245 
0.245 
0.275 
0.275 
0.28 
0.28 
0.255 
0.255 
0.285 
0.285 
0.26 
0.26 
0.29 
0.29 
0.295 
0.295 
0.27 
0.27 
0.33 
0.33 
0.28 
0.28 
0.28 
0.28 
0.34 
0.34 
0.29 
0.29 
0.32 
0.32 
0.325 
0.325 
0.3 
0.3 
0.33 
0.33 
0.305 
0.305 
0.335 
0.335 
0.31 
0.31 
0.31 
0.31 
0.34 
0.315 
0.315 
0.345 
0.345 
0.32 
0.32 
0.32 
0.32 
0.32 
0.32 
0.35 
0.35 
0.355 
0.355 
0.33 
0.33 
0.33 
0.33 
0.36 
0.36 
0.335 
0.335 
0.335 
0.335 
0.335 
0.335 
0.365 
0.365 
0.34 
0.34 
0.37 
0.37 
0.345 
0.345 
0.345 
0.345 
0.345 
0.345 
0.345 
0.345 
0.345 
0.345 
0.345 
0.345 
0.345 
0.345 
0.345 
0.345 
0.345 
0.345 
0.345 
0.345 
0.345 
0.345 
0.345 
0.345 
0.345 
0.345 
0.345 
0.345 
0.345 
0.345 
0.345 
0.345 
0.345 
0.345 
0.345 
0.345 
0.345 
0.345 
0.345 
0.345 
0.345 
0.345 
0.345 
0.345 
0.345 
0.345 
0.345 
0.345 
0.345 
0.345 
0.345 
0.345 
0.345 
0.345 
0.345 
0.345 
0.345 
0.345 
0.345 
0.345 
0.345 
0.345 
0.345 
0.345 
0.345 
0.345 
0.345 
0.345 
0.345 
0.345 
0.345 
0.345 
0.345 
0.345 
0.345 
0.345 
0.345 
0.345 
0.345 
0.345 
0.345 
0.345 
0.345 
0.345 
0.345 
0.345 
0.345 
0.345 
0.345 
0.345 
0.345 
0.345 
0.345 
0.345 
0.345 
0.345 
0.345 
0.345 
0.345 
0.345 
0.345 
0.345 
0.345 
0.345 
0.345 
0.345 
0.345 
0.345 
0.345 
0.345 
0.345 
0.345 
0.345 
0.345 
0.345 
0.345 
0.345 
0.345 
0.345 
0.345 
0.345 
0.345 
0.345 
0.345 
0.345 
0.345 
0.345 
0.345 
0.345 
0.345 
0.345 
0.345 
0.345 
0.345 
0.345 
0.345 
0.345 
0.345 
0.345 
0.345 
0.345 
0.345 
0.345 
0.345 
0.345 
0.345 
0.345 
0.345 
0.345 
0.345 
0.345 
0.345 
0.345 
0.345 
0.345 
0.345 
0.345 
0.345 
0.345 
0.345 
0.345 
0.345 
0.345 
0.345 
0.345 
0.345 
0.345 
0.345 
0.345 
0.345 
0.345 
0.345 
0.345 
0.345 
0.345 
0.345 
0.345 
0.345 
0.345 
0.345 
0.345 
0.345 
0.345 
0.345 
0.345 
0.345 
0.345 
0.345 
0.345 
0.345 
0.345 
0.345 
0.345 
0.345 
0.345 
0.345 
0.345 
0.345 
0.345 
0.345 
0.345 
0.345 
0.345 
0.345 
0.345 
0.345 
0.345 
0.345 
0.345 
0.345 
0.345 
0.345 
0.345 
0.345 
0.345 
0.345 
0.345 
0.345 
0.345 
0.345 
0.345 
0.345 
0.345 
0.345 
0.345 
0.345 
0.345 
0.345 
0.345 
0.345 
0.345 
0.345 
0.345 
0.345 
0.345 
0.345 
0.345 
0.345 
0.345 
0.345 
0.345 
0.345 
0.345 
0.345 
0.345 
0.345 
0.345 
0.345 
0.345 
0.345 
0.345 
0.345 
0.345 
0.345 
0.345 
0.345 
0.345 
0.345 
0.345 
0.345 
0.345 
0.345 
0.345 
0.345 
0.345 
0.345 
0.345 
0.345 
0.345 
0.345 
0.345 
0.345 
0.345 
0.345 
0.345 
0.345 
0.345 
0.345 
0.345 
0.345 
0.345 
0.345 
0.345 
0.345 
0.345 
0.345 
0.345 
0.345 
0.345 
0.345 
0.345 
0.345 
0.345 
0.345 
0.345 
0.345 
0.345 
0.345 
0.345 
0.345 
0.345 
0.345 
0.345 
0.345 
0.345 
0.345 
0.345 
0.345 
0.345 
0.345 
0.345 
0.345 
0.345 
0.345 
0.345 
0.345 
0.345 
0.345 
0.345 
0.345 
0.345 
0.345 
0.345 
0.345 
0.345 
0.345 
0.345 
0.345 
0.345 
-2.175 
-2.175 
-0.075 
-0.075 
-0.075 
-0.075 
-0.075 
-0.075 
-0.075 
-0.075 
-0.075 
-0.075 
-0.075 
-0.075 
-0.075 
-0.075 
-0.075 
-0.075 
-0.075 
-0.075 
-0.075 
-0.075 
-0.075 
-0.075 
-0.075 
-0.075 
-0.075 
-0.075 
-0.075 
-0.075 
-0.075 
-0.075 
-0.075 
-0.075 
-0.075 
-0.075 
-0.075 
-0.075 
-0.075 
-0.075 
-0.075 
-0.075 
-0.075 
-0.075 
-0.075 
-0.075 
-0.075 
-0.075 
-0.075 
-0.075 
-0.075 
-0.075 
-0.075 
-0.075 
-0.075 
-0.075 
-0.075 
-0.075 
-0.075 
-0.075 
-0.075 
-0.075 
-0.075 
-0.075 
-0.075 
-0.075 
-0.075 
-0.075 
-0.075 
-0.075 
-0.075 
-0.075 
-0.075 
-0.075 
-0.075 
-0.075 
-0.075 
-0.075 
-0.075 
-0.075 
-0.075 
-0.075 
-0.075 
-0.075 
-0.075 
-0.075 
-0.075 
-0.075 
-0.075 
-0.075 
-0.075 
-0.075 
-0.075 
-0.075 
-0.075 
-0.075 
-0.075 
-0.075 
-0.075 
-0.075 
-0.075 
-0.075 
-0.075 
-0.075 
-0.075 
-0.075 
-0.075 
-0.075 
-0.075 
-0.075 
-0.075 
-0.075 
-0.075 
-0.075 
-0.075 
-0.075 
-0.075 
-0.075 
-0.075 
-0.075 
-0.075 
-0.075 
-0.075 
-0.075 
-0.075 
-0.075 
-0.075 
-0.075 
-0.075 
-0.075 
-0.075 
-0.075 
-0.075 
-0.075 
-0.075 
-0.075 
-0.075 
-0.075 
-0.075 
-0.075 
-0.075 
-0.075 
-0.075 
-0.075 
-0.075 
-0.075 
-0.075 
-0.075 
-0.075 
-0.075 
-0.075 
-0.075 
-0.075 
-0.075 
-0.075 
-0.075 
-0.075 
-0.075 
-0.075 
-0.075 
-0.075 
-0.075 
-0.075 
-0.075 
-0.075 
-0.075 
-0.075 
-0.075 
-0.075 
-0.075 
-0.075 
-0.075 
-0.075 
-0.075 
-0.075 
-0.075 
-0.075 
-0.075 
-0.075 
-0.075 
-0.075 
-0.075 
-0.075 
-0.075 
-0.075 
-0.075 
-0.075 
-0.075 
-0.075 
-0.075 
-0.075 
-0.075 
-0.075 
-0.075 
-0.075 
-0.075 
-0.075 
-0.075 
-0.075 
-0.075 
-0.075 
-0.075 
-0.075 
-0.075 
-0.075 
-0.075 
-0.075 
-0.075 
-0.075 
-0.075 
-0.075 
-0.075 
-0.075 
-0.075 
-0.075 
-0.075 
-0.075 
-0.075 
-0.075 
-0.075 
-0.075 
-0.075 
-0.075 
-0.075 
-0.075 
-0.075 
-0.075 
-0.075 
-0.075 
-0.075 
-0.075 
-0.075 
-0.075 
-0.075 
-0.075 
