0 
0 
0 
0 
0 
0 
0 
0 
0 
0 
0 
0 
0 
0 
0 
0 
0 
0 
0 
0 
0 
0 
0 
0 
0 
0 
0 
0 
0 
0 
0 
0 
0 
0 
0 
0 
0 
0 
0 
0 
0 
0 
0 
0 
0 
0 
0 
0 
0 
0 
0 
0 
0 
0 
0 
0 
0 
0 
0 
0 
0 
0 
0 
0 
0 
0 
0 
0 
0 
0 
0 
0 
0 
0 
0 
0 
0 
0 
0 
0 
0 
0 
0 
0 
0 
0 
0 
0 
0 
0 
0 
0 
0 
0 
0 
0 
0 
0 
0 
0 
0 
0 
0 
0 
0 
0 
0 
0 
0 
0 
0 
0 
0 
0 
0 
0 
0 
0 
0 
0 
0 
0 
0 
0 
0 
0 
0 
0 
0 
0 
0 
0 
0 
0 
0 
0 
0 
0 
0 
0 
0 
0 
0 
0 
0 
0 
0 
0 
0 
0 
0 
0 
0 
0 
0 
0 
0 
0 
0 
0 
0 
0 
0 
0 
0 
0 
0 
0 
0 
0 
0 
0 
0 
0 
0 
0 
0 
0 
0 
0 
0 
0 
0 
0 
0 
0 
0 
0 
0 
0 
0 
0 
0 
0 
0 
0 
0 
0 
0 
0 
0 
0 
0 
0 
0 
0 
0 
0 
0 
0 
0 
0 
0 
0 
0 
0 
0 
0 
0 
0 
0 
0 
0 
0 
0 
0 
0 
0 
0 
0 
0 
0 
0 
0 
0 
0 
0 
0 
0 
0 
0 
0 
0 
0 
0 
0 
0 
0 
0 
0 
0 
0 
0 
0 
0 
0 
0 
0 
0 
0 
0 
0 
0 
0 
0 
0 
0 
0 
0 
0 
0 
-1.148 
-1.148 
-0.123 
-0.123 
-0.459 
-0.459 
-0.159 
-0.159 
0.149 
0.149 
-0.07 
-0.07 
-0.12 
-0.12 
-0.064 
-0.064 
0.026 
0.026 
-0.099 
-0.099 
-0.099 
-0.099 
-0.099 
-0.099 
-0.043 
-0.043 
-0.037 
-0.037 
-0.087 
-0.087 
-0.143 
-0.143 
-0.093 
-0.093 
-0.065 
-0.065 
0.078 
0.078 
-0.072 
-0.072 
-0.128 
-0.128 
0.034 
0.034 
-0.066 
-0.066 
-0.122 
-0.122 
-0.072 
-0.072 
-0.016 
-0.016 
-0.01 
-0.06 
-0.06 
-0.06 
-0.06 
-0.06 
-0.06 
-0.004 
-0.004 
-0.054 
-0.054 
-0.082 
-0.082 
-0.057 
-0.057 
-0.000999998 
-0.000999998 
-0.051 
-0.051 
-0.051 
-0.051 
-0.023 
-0.023 
-0.048 
-0.048 
-0.048 
-0.048 
-0.076 
-0.076 
-0.051 
-0.051 
-0.023 
-0.023 
-0.048 
-0.048 
-0.048 
-0.048 
-0.02 
-0.02 
-0.045 
-0.045 
0.011 
0.011 
-0.067 
-0.067 
-0.042 
-0.042 
0.014 
0.014 
-0.036 
-0.036 
-0.064 
-0.064 
-0.011 
-0.011 
-0.036 
-0.036 
-0.008 
-0.008 
-0.033 
-0.033 
-0.005 
-0.005 
-0.03 
-0.03 
-0.03 
-0.03 
-0.002 
-0.002 
-0.027 
-0.027 
-0.027 
0.001 
0.001 
-0.024 
-0.024 
-0.024 
-0.024 
-0.024 
-0.024 
0.032 
0.032 
-0.018 
-0.018 
-0.018 
-0.018 
0.01 
0.01 
-0.015 
-0.015 
-0.015 
-0.015 
-0.015 
-0.015 
0.013 
0.013 
-0.012 
-0.012 
-0.012 
-0.012 
0.016 
0.016 
-0.009 
-0.009 
-0.009 
-0.009 
-0.009 
-0.009 
-0.009 
-0.009 
0.019 
0.019 
0.022 
0.022 
-0.003 
-0.003 
-0.031 
-0.031 
-0.006 
-0.006 
0.05 
0.05 
0 
0 
0 
0 
0 
0 
0 
0 
0 
0 
0 
0 
0 
0 
0 
0 
0 
0 
0 
0 
0 
0 
0 
0 
0 
0 
0 
0 
0 
0 
0 
0 
0 
0 
0 
0 
0 
0.028 
0.028 
0.003 
0.003 
-0.025 
-0.025 
0 
0 
0 
0 
0 
0 
0 
0 
0.028 
0.028 
0.031 
0.031 
0.006 
0.006 
0.006 
0.006 
0.006 
0.006 
0.006 
0.006 
0.006 
0.006 
0.006 
0.006 
0.034 
0.034 
0.009 
0.009 
-0.019 
-0.019 
0.006 
0.006 
0.006 
0.006 
0.034 
0.034 
0.009 
0.009 
0.009 
0.009 
0.009 
0.009 
0.009 
0.009 
0.009 
0.009 
0.009 
0.009 
0.009 
0.009 
0.009 
0.009 
0.009 
0.009 
0.065 
0.065 
-0.013 
0.012 
0.012 
0.012 
0.012 
0.012 
0.012 
0.012 
0.012 
0.012 
0.012 
0.04 
0.04 
0.015 
0.015 
0.015 
0.015 
0.043 
0.043 
0.018 
0.018 
0.018 
0.018 
0.018 
0.018 
0.018 
0.018 
0.018 
0.018 
0.018 
0.018 
0.018 
0.018 
0.018 
0.018 
0.018 
0.018 
0.046 
0.046 
0.021 
0.021 
0.021 
0.021 
0.021 
0.021 
0.021 
0.021 
0.021 
0.021 
0.021 
0.021 
-0.007 
-0.007 
0.018 
0.018 
0.018 
0.018 
0.018 
0.018 
0.018 
0.018 
0.018 
0.018 
0.018 
0.018 
0.018 
0.018 
0.018 
0.018 
0.018 
0.018 
0.018 
0.018 
0.018 
0.018 
0.018 
0.018 
0.018 
0.018 
0.018 
0.018 
0.018 
0.018 
0.018 
0.018 
0.018 
0.018 
0.018 
0.018 
0.018 
0.018 
0.018 
0.018 
0.018 
0.046 
0.046 
0.021 
0.021 
0.021 
0.021 
-0.007 
-0.007 
0.018 
0.018 
0.018 
0.018 
0.046 
0.046 
0.021 
0.021 
-0.007 
-0.007 
0.018 
0.018 
0.018 
0.018 
0.018 
0.018 
0.018 
0.018 
0.018 
0.018 
0.018 
0.018 
0.018 
0.018 
0.018 
0.018 
0.018 
0.018 
0.018 
0.018 
0.018 
0.018 
0.018 
0.018 
0.018 
0.018 
0.018 
0.018 
0.018 
0.018 
0.018 
0.018 
0.018 
0.018 
0.018 
0.018 
0.018 
0.018 
0.018 
0.018 
0.018 
0.018 
0.018 
0.018 
0.018 
0.018 
0.018 
0.018 
0.018 
0.018 
0.018 
0.018 
0.018 
0.018 
0.018 
0.018 
0.018 
0.018 
0.018 
0.018 
0.018 
0.018 
0.018 
0.018 
0.018 
0.046 
0.046 
-0.007 
-0.007 
0.018 
0.018 
0.018 
0.018 
0.018 
0.018 
0.046 
0.046 
0.021 
0.021 
0.021 
0.021 
0.021 
0.021 
0.021 
0.021 
-0.007 
-0.007 
0.018 
0.018 
0.018 
0.018 
0.018 
0.018 
-0.01 
-0.01 
0.015 
0.015 
0.015 
0.015 
0.015 
0.015 
0.015 
0.015 
0.015 
0.015 
0.015 
0.015 
0.015 
0.015 
0.015 
0.015 
-0.013 
-0.013 
0.04 
0.04 
0.015 
0.015 
0.015 
0.015 
0.015 
0.015 
0.015 
0.015 
0.015 
-0.013 
-0.013 
0.04 
0.04 
0.015 
0.015 
0.015 
0.015 
0.015 
0.015 
-0.013 
-0.013 
-0.016 
-0.016 
0.009 
0.009 
0.037 
0.037 
0.012 
0.012 
0.012 
0.012 
0.012 
0.012 
0.012 
0.012 
0.012 
0.012 
0.012 
0.012 
0.012 
0.012 
0.012 
0.012 
0.012 
0.012 
-0.016 
-0.016 
0.009 
0.009 
0.009 
0.009 
0.037 
0.037 
0.012 
0.012 
-0.016 
-0.016 
0.009 
0.009 
0.009 
0.009 
0.037 
0.037 
0.012 
0.012 
0.012 
0.012 
0.012 
0.012 
0.012 
0.012 
-0.044 
-0.044 
0.006 
0.006 
0.006 
0.006 
0.006 
0.006 
0.006 
0.006 
0.034 
0.034 
0.009 
0.009 
-0.019 
-0.019 
0.006 
0.006 
0.006 
0.006 
0.006 
0.006 
0.006 
0.006 
0.006 
0.006 
0.006 
-0.05 
-0.05 
0.028 
0.028 
0.003 
0.003 
0.003 
0.003 
0.003 
0.003 
0.003 
0.003 
-0.025 
-0.025 
0 
0 
0 
0 
0 
0 
0 
0 
0 
0 
0 
0 
0 
0 
0 
0 
0 
0 
0 
0 
0 
0 
0 
0 
0 
0 
0 
0 
0 
0 
0 
0 
0 
0 
0 
0 
0 
0 
0 
0 
0 
0 
0 
0 
0 
0 
0 
0 
0 
0 
0 
0 
0 
0 
0 
0 
0 
0 
0 
0 
0 
0 
0 
0 
0 
0 
0 
0 
0 
0 
0 
0 
0 
0 
0 
0 
0 
0 
0 
-0.056 
-0.056 
-0.006 
-0.006 
-0.006 
-0.006 
0.022 
0.022 
-0.003 
-0.003 
-0.003 
-0.003 
-0.031 
-0.031 
-0.006 
-0.006 
-0.006 
-0.006 
-0.006 
-0.006 
-0.006 
-0.006 
-0.006 
-0.006 
-0.006 
-0.006 
0.022 
0.022 
-0.003 
-0.003 
-0.003 
-0.003 
-0.003 
-0.003 
-0.003 
-0.003 
-0.003 
-0.003 
0.025 
0.025 
0 
0 
-0.028 
-0.028 
-0.003 
-0.003 
0.025 
0.025 
0 
0 
0 
0 
0 
0 
0 
0 
0 
0 
0 
0 
0 
0 
0 
0 
0 
0 
0 
0 
0 
0 
0 
0 
0 
0 
0 
-0.028 
-0.028 
-0.003 
-0.003 
-0.003 
-0.003 
0.025 
0.025 
0 
0 
-0.028 
-0.028 
-0.003 
-0.003 
-0.003 
-0.003 
-0.031 
-0.031 
-0.006 
-0.006 
0.022 
0.022 
-0.003 
-0.003 
-0.003 
-0.003 
-0.031 
-0.031 
-0.006 
-0.006 
0.022 
0.022 
-0.003 
-0.003 
-0.031 
-0.031 
0.022 
0.022 
-0.003 
-0.003 
-0.031 
-0.031 
0.022 
0.022 
-0.003 
-0.003 
-0.003 
-0.003 
-0.003 
-0.003 
0.025 
0.025 
-0.028 
-0.028 
-0.003 
-0.003 
-0.003 
-0.003 
-0.003 
-0.003 
-0.003 
-0.003 
-0.003 
0.025 
0.025 
0 
0 
-0.028 
-0.028 
0.025 
0.025 
0 
0 
-0.028 
-0.028 
-0.003 
-0.003 
-0.003 
-0.003 
0.025 
0.025 
0 
0 
0 
0 
0 
0 
0 
0 
-0.028 
-0.028 
-0.003 
-0.003 
0.025 
0.025 
-0.028 
-0.028 
-0.003 
-0.003 
-0.003 
-0.003 
-0.003 
-0.003 
-0.003 
-0.003 
-0.003 
-0.003 
-0.003 
-0.003 
-0.003 
-0.003 
-0.003 
-0.003 
-0.003 
-0.003 
-0.003 
-0.003 
-0.003 
-0.003 
0.025 
0.025 
0 
0 
-0.028 
-0.028 
0.025 
0.025 
0 
0 
-0.028 
-0.028 
-0.003 
-0.003 
-0.003 
-0.003 
-0.031 
-0.031 
-0.006 
-0.006 
0.022 
-0.003 
-0.003 
-0.031 
-0.031 
-0.006 
-0.006 
-0.006 
-0.006 
-0.034 
-0.034 
-0.009 
-0.009 
-0.009 
-0.009 
-0.009 
-0.009 
-0.009 
-0.009 
-0.009 
-0.009 
-0.009 
-0.009 
-0.037 
-0.037 
-0.012 
-0.012 
-0.012 
-0.012 
-0.012 
-0.012 
-0.012 
-0.012 
-0.068 
-0.068 
-0.018 
-0.018 
0.01 
0.01 
-0.043 
-0.043 
-0.018 
-0.018 
-0.018 
-0.018 
-0.018 
-0.018 
-0.046 
-0.046 
-0.021 
-0.021 
-0.021 
-0.021 
-0.021 
-0.021 
-0.021 
-0.021 
-0.021 
-0.021 
-0.021 
-0.021 
-0.021 
-0.021 
-0.021 
-0.021 
-0.021 
-0.021 
-0.021 
-0.021 
-0.021 
-0.021 
-0.021 
-0.021 
-0.049 
-0.024 
-0.024 
-0.052 
-0.052 
-0.027 
-0.027 
-0.027 
-0.027 
0.029 
0.029 
-0.021 
-0.021 
-0.049 
-0.049 
-0.052 
-0.052 
-0.027 
-0.027 
-0.027 
-0.027 
-0.027 
-0.027 
-0.027 
-0.027 
-0.027 
-0.027 
-0.027 
-0.027 
-0.027 
-0.027 
-0.027 
-0.027 
-0.027 
-0.027 
-0.055 
-0.055 
-0.03 
-0.03 
-0.03 
-0.03 
-0.03 
-0.03 
-0.03 
-0.03 
-0.03 
-0.03 
-0.03 
-0.03 
-0.086 
-0.086 
-0.036 
-0.036 
-0.008 
-0.008 
-0.061 
-0.061 
-0.036 
-0.036 
-0.036 
-0.036 
-0.036 
-0.036 
-0.036 
-0.036 
-0.036 
-0.036 
-0.036 
-0.036 
-0.036 
-0.036 
-0.036 
-0.036 
-0.036 
-0.036 
-0.036 
-0.036 
-0.036 
-0.036 
-0.036 
-0.036 
-0.036 
-0.036 
-0.036 
-0.036 
-0.036 
-0.036 
-0.036 
-0.036 
-0.036 
-0.036 
-0.036 
-0.036 
-0.036 
-0.036 
-0.036 
-0.036 
-0.036 
-0.036 
-0.036 
-0.036 
-0.036 
-0.008 
-0.008 
-0.033 
-0.033 
-0.033 
-0.033 
-0.005 
-0.005 
-0.03 
-0.03 
-0.03 
-0.03 
-0.03 
-0.03 
-0.03 
-0.03 
-0.03 
-0.03 
-0.03 
-0.03 
-0.03 
-0.03 
-0.03 
-0.03 
-0.03 
-0.03 
-0.03 
-0.03 
-0.03 
-0.03 
-0.03 
-0.03 
-0.03 
-0.03 
-0.03 
-0.03 
-0.03 
-0.03 
-0.03 
-0.03 
-0.002 
-0.002 
-0.027 
-0.027 
-0.027 
-0.027 
0.001 
0.001 
-0.024 
-0.024 
-0.024 
-0.024 
0.004 
0.004 
-0.021 
0.007 
0.007 
-0.018 
-0.018 
0.01 
0.01 
-0.015 
-0.015 
-0.015 
-0.015 
0.013 
0.013 
-0.012 
-0.012 
0.016 
0.016 
-0.009 
-0.009 
0.019 
0.019 
-0.006 
-0.006 
-0.006 
-0.006 
-0.006 
-0.006 
-0.006 
-0.006 
0.022 
0.022 
-0.003 
-0.003 
-0.003 
-0.003 
0.025 
0.025 
0 
0 
-0.028 
-0.028 
0.025 
0.025 
0 
0 
0 
0 
0 
0 
0 
0 
0 
0 
0 
0 
0 
0 
0 
0 
0 
0 
0 
0 
0 
0 
0 
0 
0 
0 
0 
0.028 
0.028 
0.003 
0.003 
0.003 
0.003 
0.003 
0.003 
0.031 
0.031 
0.006 
0.006 
0.006 
0.006 
0.006 
0.006 
0.006 
0.006 
0.006 
0.006 
0.006 
0.006 
0.034 
0.034 
0.009 
0.009 
0.009 
0.009 
0.009 
0.009 
0.009 
0.009 
0.009 
0.009 
0.037 
0.037 
0.012 
0.012 
0.012 
0.012 
0.012 
0.012 
0.012 
0.012 
0.04 
0.04 
0.015 
0.015 
0.015 
0.015 
0.043 
0.043 
0.018 
0.018 
0.018 
0.018 
0.018 
0.018 
-0.01 
-0.01 
0.015 
0.015 
0.015 
0.015 
0.043 
0.043 
0.018 
0.018 
0.018 
0.018 
0.018 
0.018 
0.018 
0.018 
0.018 
0.018 
0.018 
0.046 
0.046 
0.021 
0.021 
0.049 
0.049 
0.052 
0.052 
0.027 
0.027 
0.027 
0.027 
0.027 
0.027 
0.027 
0.027 
0.055 
0.055 
0.03 
0.03 
0.03 
0.03 
0.03 
0.03 
0.03 
0.03 
0.03 
0.03 
0.03 
0.03 
0.002 
0.002 
0.027 
0.027 
0.027 
0.027 
-0.029 
-0.029 
0.021 
0.021 
-0.007 
-0.007 
0.018 
0.018 
0.018 
0.018 
-0.01 
-0.01 
0.015 
0.015 
-0.041 
-0.041 
0.009 
0.009 
-0.019 
-0.019 
-0.022 
-0.022 
0.003 
0.003 
0.003 
0.003 
-0.025 
-0.025 
0 
0 
0 
0 
0 
0 
0 
0 
0 
-0.028 
-0.028 
-0.003 
-0.003 
0.025 
0.025 
-0.028 
-0.028 
-0.003 
-0.003 
-0.003 
-0.003 
-0.003 
-0.003 
-0.003 
-0.003 
-0.003 
-0.003 
-0.003 
-0.003 
-0.003 
-0.003 
-0.003 
-0.003 
-0.003 
-0.003 
-0.003 
-0.003 
-0.003 
-0.003 
-0.003 
-0.003 
-0.003 
-0.003 
-0.003 
-0.003 
-0.031 
-0.031 
-0.006 
-0.006 
0.022 
0.022 
-0.031 
-0.031 
-0.006 
-0.006 
-0.006 
-0.006 
-0.006 
-0.006 
-0.034 
-0.034 
-0.009 
-0.009 
-0.009 
-0.009 
-0.009 
-0.009 
-0.009 
-0.009 
-0.037 
-0.037 
-0.012 
-0.012 
-0.012 
-0.012 
-0.04 
-0.015 
-0.015 
-0.043 
-0.043 
-0.018 
-0.018 
-0.046 
-0.046 
-0.021 
-0.021 
-0.021 
-0.021 
-0.049 
-0.049 
-0.024 
-0.024 
-0.024 
-0.024 
-0.024 
-0.024 
-0.024 
-0.024 
-0.024 
-0.024 
-0.024 
-0.024 
-0.052 
-0.052 
0.001 
0.001 
-0.024 
-0.024 
-0.052 
-0.052 
-0.027 
-0.027 
-0.027 
-0.027 
-0.027 
-0.027 
-0.027 
-0.027 
-0.027 
-0.027 
-0.027 
-0.027 
-0.027 
-0.027 
-0.027 
-0.027 
-0.027 
-0.027 
-0.027 
-0.027 
-0.027 
-0.027 
-0.027 
-0.027 
-0.027 
-0.027 
-0.027 
-0.027 
-0.027 
-0.027 
-0.027 
-0.027 
-0.027 
-0.027 
0.001 
0.001 
-0.024 
-0.024 
-0.024 
-0.024 
-0.024 
-0.024 
-0.024 
-0.024 
-0.024 
-0.024 
-0.024 
-0.052 
-0.052 
-0.027 
-0.027 
0.001 
0.001 
-0.024 
-0.024 
-0.024 
-0.024 
-0.024 
-0.024 
-0.024 
-0.024 
-0.052 
-0.052 
-0.027 
-0.027 
-0.027 
-0.027 
-0.027 
-0.027 
-0.027 
-0.027 
-0.055 
-0.055 
-0.03 
-0.03 
-0.03 
-0.03 
-0.002 
-0.002 
-0.027 
-0.027 
-0.055 
-0.055 
-0.03 
-0.03 
-0.03 
-0.03 
-0.03 
-0.03 
-0.03 
-0.03 
-0.002 
-0.002 
-0.027 
-0.027 
-0.027 
-0.027 
-0.027 
-0.027 
-0.027 
-0.027 
-0.027 
-0.027 
-0.027 
-0.027 
-0.027 
-0.027 
-0.027 
-0.027 
-0.027 
-0.027 
0.001 
0.001 
-0.024 
-0.024 
-0.024 
-0.024 
-0.024 
-0.024 
-0.052 
-0.052 
-0.027 
-0.027 
-0.027 
-0.027 
-0.027 
0.001 
0.001 
-0.024 
-0.024 
-0.052 
-0.052 
-0.027 
-0.027 
-0.027 
-0.027 
-0.027 
-0.027 
-0.027 
-0.027 
-0.055 
-0.055 
-0.03 
-0.03 
-0.03 
-0.03 
-0.058 
-0.058 
-0.033 
-0.033 
-0.033 
-0.033 
-0.033 
-0.033 
-0.061 
-0.061 
-0.036 
-0.036 
-0.036 
-0.036 
-0.036 
-0.036 
-0.036 
-0.036 
-0.036 
-0.036 
0.02 
0.02 
-0.03 
-0.03 
-0.03 
-0.03 
-0.03 
-0.03 
-0.03 
-0.03 
-0.002 
-0.002 
-0.027 
-0.027 
-0.027 
-0.027 
-0.027 
-0.027 
-0.027 
-0.027 
0.029 
0.029 
-0.021 
-0.021 
-0.049 
-0.049 
0.004 
0.004 
-0.021 
-0.021 
0.007 
-0.018 
-0.018 
-0.018 
-0.018 
-0.018 
-0.018 
-0.018 
-0.018 
-0.018 
-0.018 
-0.018 
-0.018 
-0.018 
-0.018 
-0.018 
-0.018 
-0.018 
-0.018 
-0.018 
-0.018 
-0.018 
-0.018 
-0.018 
-0.018 
-0.018 
-0.018 
-0.018 
-0.018 
-0.018 
-0.018 
-0.018 
-0.018 
-0.046 
-0.046 
-0.021 
-0.021 
-0.021 
-0.021 
-0.021 
-0.021 
-0.021 
-0.021 
-0.021 
-0.021 
-0.021 
-0.021 
-0.021 
-0.021 
-0.021 
-0.021 
-0.021 
-0.021 
-0.021 
-0.021 
-0.021 
-0.021 
-0.021 
-0.021 
-0.021 
-0.021 
-0.021 
-0.021 
-0.021 
-0.021 
0.007 
0.007 
-0.018 
-0.018 
-0.018 
-0.018 
-0.018 
0.01 
0.01 
-0.015 
-0.015 
-0.015 
-0.015 
-0.015 
-0.015 
-0.015 
-0.015 
-0.015 
-0.015 
-0.015 
-0.015 
0.013 
0.013 
-0.012 
-0.012 
-0.012 
-0.012 
-0.012 
-0.012 
-0.012 
-0.012 
-0.012 
-0.012 
-0.012 
-0.012 
-0.012 
-0.012 
0.016 
0.016 
-0.009 
-0.009 
-0.009 
-0.009 
-0.009 
-0.009 
-0.009 
-0.009 
-0.009 
-0.009 
-0.009 
-0.009 
-0.009 
-0.009 
-0.009 
-0.009 
-0.009 
-0.009 
-0.009 
-0.009 
-0.009 
-0.009 
-0.009 
-0.009 
-0.009 
-0.009 
-0.009 
-0.009 
-0.009 
-0.009 
-0.009 
-0.009 
-0.009 
-0.009 
-0.009 
-0.009 
-0.009 
-0.037 
-0.037 
-0.012 
-0.012 
-0.012 
-0.012 
-0.012 
-0.012 
0.016 
0.016 
-0.009 
-0.009 
-0.009 
-0.009 
-0.009 
-0.009 
-0.009 
-0.009 
-0.009 
-0.009 
-0.009 
-0.009 
-0.009 
-0.009 
0.019 
0.019 
0.022 
0.022 
-0.003 
-0.003 
-0.003 
-0.003 
-0.003 
-0.003 
-0.003 
-0.003 
-0.003 
-0.003 
0.025 
0.025 
0 
0 
0 
0 
0 
0 
0 
0 
0 
0 
0 
0 
0 
0 
0 
0 
0 
0 
0 
0 
0 
0 
0 
0 
0 
0 
0 
0 
0 
0 
0 
0 
0 
0 
0 
0 
0 
0 
0 
0.028 
0.028 
0.003 
0.003 
-0.025 
-0.025 
0 
0 
0 
0 
0.028 
0.028 
0.003 
0.003 
0.031 
0.031 
0.006 
0.006 
0.006 
0.006 
0.006 
0.006 
0.006 
0.006 
0.006 
0.006 
0.006 
0.006 
0.006 
0.006 
0.006 
0.006 
0.006 
0.006 
0.006 
0.006 
0.006 
0.006 
0.006 
0.006 
0.034 
0.034 
0.009 
0.009 
0.009 
0.009 
0.037 
0.037 
0.012 
0.012 
-0.016 
-0.016 
0.009 
0.009 
0.009 
0.009 
0.037 
0.037 
0.012 
0.012 
0.012 
0.012 
0.012 
0.012 
0.012 
0.012 
0.012 
0.012 
0.012 
0.012 
0.012 
0.012 
0.012 
0.012 
0.012 
0.012 
0.012 
0.04 
0.04 
0.015 
0.015 
-0.013 
-0.013 
0.012 
0.012 
0.012 
0.012 
0.012 
0.012 
0.012 
0.012 
0.012 
0.012 
0.012 
0.012 
0.012 
0.012 
0.04 
0.04 
0.015 
0.015 
-0.013 
-0.013 
0.012 
0.012 
0.012 
0.012 
0.012 
0.012 
0.012 
0.012 
0.012 
0.012 
0.012 
0.012 
0.012 
0.012 
0.012 
0.012 
0.012 
0.012 
0.012 
0.012 
0.012 
0.012 
0.012 
0.012 
-0.016 
-0.016 
0.009 
0.009 
0.009 
0.009 
0.009 
0.009 
0.009 
0.009 
0.009 
0.009 
-0.019 
-0.019 
0.006 
0.006 
0.034 
0.034 
0.009 
0.009 
0.009 
0.009 
0.009 
0.009 
0.009 
-0.019 
-0.019 
0.006 
0.006 
0.006 
0.006 
0.006 
0.006 
0.034 
0.034 
0.009 
0.009 
0.009 
0.009 
0.009 
0.009 
0.009 
0.009 
0.009 
0.009 
0.009 
0.009 
0.009 
0.009 
0.009 
0.009 
0.009 
0.009 
0.009 
0.009 
0.009 
0.009 
0.009 
0.009 
0.009 
0.009 
0.009 
0.009 
-0.019 
-0.019 
0.006 
0.006 
0.006 
0.006 
-0.022 
-0.022 
0.003 
0.003 
0.003 
0.003 
0.003 
0.003 
0.003 
0.003 
0.003 
0.003 
0.003 
0.003 
-0.025 
-0.025 
0 
0 
0 
0 
0 
0 
0 
0 
0 
0 
0 
0 
0 
0 
0 
0 
0 
0 
0 
0 
0 
0 
0 
0 
0 
0 
0 
0 
0 
0 
0 
0 
0 
0 
0 
0 
0 
0.028 
0.028 
0.003 
0.003 
-0.025 
-0.025 
0 
0 
0 
0 
0.028 
0.028 
0.003 
0.003 
0.003 
0.003 
0.003 
0.003 
0.003 
0.003 
-0.025 
-0.025 
0 
0 
0 
0 
0 
0 
0 
0 
0 
0 
0 
0 
0 
0 
0 
0 
0 
0 
0 
0 
0 
0 
0 
0 
-0.028 
-0.028 
-0.003 
-0.003 
-0.003 
-0.003 
-0.003 
-0.003 
-0.003 
-0.003 
-0.003 
-0.031 
-0.031 
-0.006 
-0.006 
-0.006 
-0.006 
-0.034 
-0.034 
-0.037 
-0.037 
-0.012 
-0.012 
-0.012 
-0.012 
-0.012 
-0.012 
-0.012 
-0.012 
-0.04 
-0.04 
-0.015 
-0.015 
0.013 
0.013 
-0.012 
-0.012 
-0.012 
-0.012 
-0.012 
-0.012 
-0.012 
-0.012 
-0.012 
-0.012 
-0.012 
-0.012 
-0.012 
-0.012 
-0.04 
-0.04 
-0.015 
-0.015 
0.013 
0.013 
-0.012 
-0.012 
-0.012 
-0.012 
-0.012 
-0.012 
-0.012 
-0.012 
-0.04 
-0.04 
-0.015 
-0.015 
-0.015 
-0.015 
0.013 
0.013 
-0.012 
-0.012 
-0.012 
-0.012 
-0.012 
-0.012 
-0.012 
-0.012 
-0.012 
-0.012 
-0.012 
-0.012 
-0.012 
-0.012 
-0.012 
-0.012 
-0.012 
-0.012 
-0.04 
-0.04 
-0.015 
-0.015 
-0.015 
-0.015 
-0.015 
-0.015 
-0.015 
-0.015 
-0.043 
-0.043 
-0.018 
-0.018 
-0.018 
-0.018 
-0.046 
-0.046 
-0.021 
-0.021 
-0.021 
-0.021 
-0.021 
-0.021 
-0.021 
-0.021 
-0.021 
-0.021 
-0.021 
-0.021 
-0.021 
-0.049 
-0.049 
-0.024 
-0.024 
-0.024 
-0.024 
-0.052 
-0.052 
-0.027 
-0.027 
0.001 
0.001 
-0.052 
-0.052 
-0.027 
-0.027 
-0.027 
-0.027 
-0.027 
-0.027 
-0.027 
-0.027 
-0.055 
-0.055 
-0.03 
-0.03 
-0.03 
-0.03 
-0.03 
-0.03 
-0.03 
-0.03 
-0.086 
-0.086 
-0.036 
-0.036 
-0.008 
-0.008 
-0.033 
-0.033 
-0.033 
-0.033 
-0.033 
-0.033 
-0.033 
-0.033 
-0.033 
-0.033 
-0.033 
-0.033 
-0.033 
-0.033 
-0.061 
-0.061 
-0.036 
-0.036 
-0.036 
-0.036 
0.02 
0.02 
-0.03 
-0.03 
-0.03 
-0.03 
-0.03 
-0.03 
-0.03 
-0.03 
-0.002 
-0.002 
-0.027 
-0.027 
-0.027 
-0.027 
-0.027 
-0.027 
-0.027 
-0.027 
0.001 
0.001 
-0.024 
-0.024 
0.004 
0.004 
-0.021 
-0.021 
-0.021 
-0.021 
-0.021 
-0.021 
-0.021 
-0.021 
-0.021 
-0.021 
-0.021 
-0.021 
-0.021 
-0.021 
-0.021 
-0.021 
-0.021 
-0.021 
0.007 
0.007 
-0.018 
-0.018 
-0.018 
-0.018 
-0.018 
-0.018 
-0.018 
-0.018 
-0.018 
-0.018 
-0.018 
-0.018 
-0.018 
-0.018 
-0.018 
0.01 
0.01 
0.013 
0.013 
-0.012 
-0.012 
-0.012 
-0.012 
-0.012 
-0.012 
-0.012 
-0.012 
0.016 
0.016 
-0.009 
-0.009 
0.019 
0.019 
-0.006 
-0.006 
-0.006 
-0.006 
-0.034 
-0.034 
-0.009 
-0.009 
0.047 
0.047 
-0.003 
-0.003 
-0.003 
-0.003 
-0.003 
-0.003 
-0.003 
-0.003 
0.025 
0.025 
0 
0 
0 
0 
0 
0 
0 
0 
0 
0 
0 
0 
0 
0 
0 
0 
0 
0 
0 
0 
0 
0 
0 
0 
0 
0 
0 
0 
0.028 
0.028 
0.003 
0.003 
-0.025 
-0.025 
0 
0 
0 
0 
0 
0 
0 
0 
0 
0 
0 
0 
0 
0 
-0.028 
-0.028 
-0.003 
-0.003 
0.025 
0.025 
-0.028 
-0.028 
-0.003 
-0.003 
-0.003 
-0.003 
-0.003 
-0.003 
-0.003 
-0.003 
-0.003 
-0.003 
-0.003 
-0.003 
0.025 
0.025 
-0.028 
-0.028 
-0.003 
-0.003 
0.025 
0 
0 
0 
0 
0 
0 
0.028 
0.028 
0.003 
0.003 
-0.025 
-0.025 
0.056 
0.056 
0.006 
0.006 
0.034 
0.034 
0.009 
0.009 
0.009 
0.009 
0.037 
0.037 
0.012 
0.012 
0.04 
0.04 
0.015 
0.015 
0.043 
0.043 
0.074 
0.074 
0.024 
0.024 
0.052 
0.052 
0.055 
0.055 
0.03 
0.03 
0.03 
0.03 
0.03 
0.03 
0.114 
0.114 
0.067 
0.067 
0.042 
0.042 
0.098 
0.098 
0.048 
0.048 
0.076 
0.076 
0.051 
0.051 
0.079 
0.079 
0.082 
0.082 
0.057 
0.057 
0.085 
0.085 
0.06 
0.06 
0.06 
0.06 
0.088 
0.088 
0.063 
0.063 
0.091 
0.091 
0.066 
0.066 
0.066 
0.066 
0.066 
0.066 
0.066 
0.066 
0.066 
0.066 
0.038 
0.038 
0.063 
0.063 
0.035 
0.035 
0.06 
0.06 
0.032 
0.032 
-0.055 
-0.055 
0.045 
0.045 
-0.151 
-0.151 
0.024 
0.024 
-0.172 
-0.172 
-0.109 
-0.109 
-0.009 
-0.009 
-0.121 
-0.021 
-0.021 
-0.133 
-0.133 
-0.033 
-0.033 
-0.145 
-0.145 
-0.129 
-0.129 
-0.054 
-0.054 
-0.166 
-0.166 
-0.066 
-0.066 
-0.122 
-0.122 
-0.156 
-0.156 
-0.081 
-0.081 
-0.109 
-0.109 
-0.084 
-0.084 
-0.196 
-0.196 
-0.096 
-0.096 
-0.096 
-0.096 
-0.124 
-0.124 
-0.099 
-0.099 
-0.099 
-0.099 
-0.099 
-0.099 
-0.099 
-0.099 
-0.099 
-0.099 
-0.099 
-0.099 
-0.099 
-0.099 
-0.127 
-0.127 
-0.102 
-0.102 
-0.074 
-0.074 
-0.099 
-0.099 
-0.127 
-0.127 
-0.13 
-0.13 
-0.105 
-0.105 
-0.105 
-0.105 
-0.105 
-0.105 
-0.133 
-0.133 
-0.136 
-0.136 
-0.111 
-0.111 
-0.167 
-0.167 
-0.117 
-0.117 
-0.117 
-0.117 
-0.145 
-0.145 
-0.12 
-0.12 
-0.176 
-0.176 
-0.126 
-0.126 
-0.154 
-0.154 
-0.157 
-0.157 
-0.132 
-0.132 
-0.188 
-0.188 
-0.138 
-0.138 
-0.194 
-0.194 
-0.172 
-0.172 
-0.147 
-0.147 
-0.175 
-0.175 
-0.15 
-0.15 
-0.178 
-0.178 
-0.181 
-0.181 
-0.156 
-0.156 
-0.184 
-0.159 
-0.159 
-0.187 
-0.187 
-0.162 
-0.162 
-0.218 
-0.218 
-0.168 
-0.168 
-0.168 
-0.168 
-0.196 
-0.196 
-0.171 
-0.171 
-0.199 
-0.199 
-0.202 
-0.202 
-0.177 
-0.177 
-0.205 
-0.205 
-0.18 
-0.18 
-0.208 
-0.208 
-0.267 
-0.267 
-0.192 
-0.192 
-0.22 
-0.22 
-0.195 
-0.195 
-0.223 
-0.223 
-0.226 
-0.226 
-0.201 
-0.201 
-0.173 
-0.173 
-0.198 
-0.198 
-0.226 
-0.226 
-0.257 
-0.257 
-0.207 
-0.207 
-0.207 
-0.207 
-0.207 
-0.207 
-0.207 
-0.207 
-0.207 
-0.207 
-0.207 
-0.207 
-0.207 
-0.207 
-0.207 
-0.207 
-0.207 
-0.207 
-0.207 
-0.207 
-0.207 
-0.207 
-0.207 
-0.207 
-0.207 
-0.207 
-0.207 
-0.207 
-0.207 
-0.207 
-0.207 
-0.207 
-0.179 
-0.179 
-0.204 
-0.204 
-0.204 
-0.204 
-0.204 
-0.204 
-0.204 
-0.204 
-0.204 
-0.204 
-0.204 
-0.204 
-0.204 
-0.204 
-0.26 
-0.26 
-0.21 
-0.21 
-0.154 
-0.154 
-0.204 
-0.204 
-0.204 
-0.204 
-0.176 
-0.176 
-0.201 
-0.201 
-0.201 
-0.201 
-0.201 
-0.201 
-0.201 
-0.201 
-0.201 
-0.201 
-0.201 
-0.201 
-0.201 
-0.201 
-0.201 
-0.201 
-0.201 
-0.201 
-0.201 
-0.257 
-0.257 
-0.151 
-0.151 
-0.201 
-0.201 
-0.257 
-0.257 
-0.207 
-0.207 
-0.123 
-0.123 
-0.254 
-0.254 
-0.204 
-0.204 
-0.148 
-0.148 
-0.226 
-0.226 
-0.201 
-0.201 
-0.201 
-0.201 
-0.201 
-0.201 
-0.201 
-0.201 
-0.173 
-0.173 
-0.198 
-0.198 
-0.198 
-0.198 
-0.198 
-0.198 
-0.198 
-0.198 
-0.17 
-0.17 
-0.195 
-0.195 
-0.251 
-0.251 
-0.201 
-0.201 
-0.173 
-0.173 
-0.198 
-0.198 
-0.198 
-0.198 
-0.198 
-0.198 
-0.198 
-0.198 
-0.198 
-0.198 
-0.17 
-0.17 
-0.195 
-0.195 
-0.195 
-0.195 
-0.195 
-0.195 
-0.195 
-0.195 
-0.195 
-0.195 
-0.195 
-0.195 
-0.195 
-0.195 
-0.195 
-0.195 
-0.195 
-0.195 
-0.195 
-0.195 
-0.195 
-0.195 
-0.195 
-0.195 
-0.195 
-0.195 
-0.195 
-0.195 
-0.195 
-0.195 
-0.195 
-0.195 
-0.195 
-0.195 
-0.195 
-0.195 
-0.195 
-0.195 
-0.195 
-0.195 
-0.195 
-0.195 
-0.195 
-0.223 
-0.223 
-0.198 
-0.198 
-0.198 
-0.198 
-0.198 
-0.198 
-0.198 
-0.198 
-0.198 
-0.198 
-0.198 
-0.198 
-0.198 
-0.198 
-0.198 
-0.198 
-0.198 
-0.198 
-0.198 
-0.198 
-0.198 
-0.198 
-0.198 
-0.198 
-0.198 
-0.198 
-0.17 
-0.17 
-0.195 
-0.195 
-0.167 
-0.167 
-0.192 
-0.192 
-0.304 
-0.304 
-0.092 
-0.092 
-0.192 
-0.192 
-0.248 
-0.248 
-0.198 
-0.198 
-0.17 
-0.17 
-0.111 
-0.111 
-0.186 
-0.186 
-0.158 
-0.158 
-0.211 
-0.211 
-0.186 
-0.186 
-0.158 
-0.158 
-0.183 
-0.183 
-0.127 
-0.127 
-0.177 
-0.177 
-0.149 
-0.149 
-0.146 
-0.146 
-0.171 
-0.171 
-0.199 
-0.199 
-0.174 
-0.174 
-0.146 
-0.146 
-0.143 
-0.143 
-0.168 
-0.168 
-0.112 
-0.112 
-0.19 
-0.19 
-0.165 
-0.165 
-0.137 
-0.137 
-0.162 
-0.162 
-0.078 
-0.078 
-0.237 
-0.237 
-0.162 
-0.162 
-0.134 
-0.134 
-0.159 
-0.159 
-0.187 
-0.187 
-0.134 
-0.134 
-0.159 
-0.159 
-0.187 
-0.162 
-0.162 
-0.162 
-0.162 
-0.162 
-0.162 
-0.19 
-0.19 
-0.165 
-0.165 
-0.137 
-0.137 
-0.218 
-0.218 
-0.168 
-0.168 
-0.168 
-0.168 
-0.168 
-0.168 
-0.168 
-0.168 
-0.168 
-0.168 
-0.168 
-0.168 
-0.224 
-0.224 
-0.174 
-0.174 
-0.118 
-0.118 
-0.224 
-0.224 
-0.174 
-0.174 
-0.202 
-0.202 
-0.177 
-0.177 
-0.177 
-0.177 
-0.177 
-0.177 
-0.177 
-0.177 
-0.205 
-0.205 
-0.18 
-0.18 
-0.18 
-0.18 
-0.18 
-0.18 
-0.18 
-0.18 
-0.18 
-0.18 
-0.18 
-0.18 
-0.18 
-0.18 
-0.124 
-0.124 
-0.174 
-0.174 
-0.118 
-0.118 
-0.168 
-0.168 
-0.168 
-0.168 
-0.168 
-0.168 
-0.168 
-0.168 
-0.168 
-0.168 
-0.168 
-0.168 
-0.168 
-0.168 
-0.168 
-0.168 
-0.168 
-0.168 
-0.168 
-0.168 
-0.168 
-0.168 
-0.168 
-0.168 
-0.168 
-0.168 
-0.168 
-0.168 
-0.168 
-0.168 
-0.224 
-0.224 
-0.174 
-0.174 
-0.118 
-0.118 
-0.168 
-0.168 
-0.224 
-0.224 
-0.174 
-0.174 
-0.062 
-0.062 
-0.274 
-0.174 
-0.174 
-0.174 
-0.174 
-0.174 
-0.174 
-0.09 
-0.09 
-0.165 
-0.165 
-0.109 
-0.109 
-0.215 
-0.215 
-0.165 
-0.165 
-0.249 
-0.249 
-0.174 
-0.174 
-0.174 
-0.174 
-0.09 
-0.09 
-0.165 
-0.165 
-0.081 
-0.081 
-0.044 
-0.044 
-0.144 
-0.144 
0.024 
0.024 
-0.126 
-0.126 
-0.126 
-0.126 
-0.07 
-0.07 
-0.12 
-0.12 
-0.008 
-0.008 
-0.108 
-0.108 
-0.164 
-0.164 
-0.17 
-0.17 
-0.12 
-0.12 
-0.288 
-0.288 
-0.138 
-0.138 
-0.362 
-0.362 
-0.33 
-0.33 
-0.18 
-0.18 
-0.348 
-0.348 
-0.198 
-0.198 
-0.338 
-0.338 
-0.241 
-0.241 
-0.216 
-0.216 
-0.216 
-0.216 
-0.216 
-0.216 
-0.216 
-0.216 
-0.216 
-0.216 
-0.216 
-0.216 
-0.216 
-0.216 
-0.216 
-0.216 
-0.216 
-0.216 
-0.216 
-0.216 
-0.216 
-0.216 
-0.216 
-0.216 
-0.216 
-0.216 
-0.216 
-0.216 
-0.216 
-0.216 
-0.216 
-0.216 
-0.216 
-0.216 
-0.216 
-0.216 
-0.216 
-0.216 
-0.216 
-0.216 
-0.216 
-0.216 
-0.216 
-0.216 
-0.216 
-0.216 
-0.216 
-0.216 
-0.216 
-0.216 
-0.216 
-0.216 
-0.216 
-0.216 
-0.216 
-0.216 
-0.216 
-0.216 
-0.216 
-0.216 
-0.216 
-0.216 
-0.216 
-0.216 
-0.216 
-0.216 
-0.216 
-0.216 
-0.216 
-0.216 
-0.216 
-0.216 
-0.216 
-0.216 
-0.216 
-0.216 
-0.216 
-0.216 
-0.216 
-0.216 
-0.216 
-0.216 
-0.216 
-0.216 
-0.216 
-0.216 
-0.216 
-0.216 
-0.216 
-0.216 
-0.216 
-0.216 
-0.216 
-0.216 
-0.216 
-0.216 
-0.216 
-0.216 
-0.216 
-0.216 
-0.216 
-0.216 
-0.216 
-0.216 
-0.216 
-0.216 
-0.216 
-0.216 
-0.216 
-0.216 
-0.216 
-0.272 
-0.272 
-0.222 
-0.222 
-0.222 
-0.222 
-0.166 
-0.166 
-0.216 
-0.216 
-0.244 
-0.244 
-0.219 
-0.219 
-0.191 
-0.191 
-0.188 
-0.188 
-0.213 
-0.213 
-0.213 
-0.213 
-0.213 
-0.213 
-0.297 
-0.297 
-0.11 
-0.11 
-0.21 
-0.154 
-0.154 
-0.204 
-0.204 
-0.176 
-0.176 
-0.201 
-0.201 
-0.145 
-0.145 
-0.223 
-0.223 
-0.198 
-0.198 
-0.17 
-0.17 
-0.195 
-0.195 
-0.195 
-0.195 
-0.195 
-0.195 
-0.195 
-0.195 
-0.139 
-0.139 
-0.189 
-0.189 
-0.217 
-0.217 
-0.192 
-0.192 
-0.22 
-0.22 
-0.195 
-0.195 
-0.195 
-0.195 
-0.195 
-0.195 
-0.195 
-0.195 
-0.223 
-0.223 
-0.198 
-0.198 
-0.198 
-0.198 
-0.226 
-0.226 
-0.285 
-0.285 
-0.21 
-0.21 
-0.182 
-0.182 
-0.207 
-0.207 
-0.263 
-0.263 
-0.297 
-0.297 
-0.222 
-0.222 
-0.138 
-0.138 
-0.269 
-0.269 
-0.219 
-0.219 
-0.191 
-0.191 
-0.216 
-0.216 
-0.272 
-0.272 
-0.222 
-0.222 
-0.222 
-0.222 
-0.222 
-0.222 
-0.222 
-0.222 
-0.222 
-0.222 
-0.222 
-0.222 
-0.222 
-0.222 
-0.222 
-0.222 
-0.222 
-0.222 
-0.222 
-0.222 
-0.222 
-0.222 
-0.222 
-0.222 
-0.222 
-0.222 
-0.222 
-0.222 
-0.222 
-0.222 
-0.222 
-0.222 
-0.222 
-0.222 
-0.222 
-0.222 
-0.222 
-0.222 
-0.222 
-0.222 
-0.222 
-0.222 
-0.222 
-0.222 
-0.222 
-0.222 
-0.222 
-0.222 
-0.222 
-0.222 
-0.222 
-0.222 
-0.222 
-0.222 
-0.222 
-0.222 
-0.222 
-0.222 
-0.222 
-0.222 
-0.222 
-0.222 
-0.222 
-0.222 
-0.222 
-0.222 
-0.222 
-0.222 
-0.222 
-0.222 
-0.222 
-0.222 
-0.222 
-0.222 
-0.222 
-0.222 
-0.222 
-0.222 
-0.222 
-0.222 
-0.222 
-0.222 
-0.222 
-0.222 
-0.222 
-0.222 
-0.222 
-0.222 
-0.222 
-0.222 
-0.222 
-0.222 
-0.222 
-0.222 
-0.222 
-0.222 
-0.222 
-0.222 
-0.222 
-0.222 
-0.222 
-0.222 
-0.222 
-0.222 
-0.222 
-0.222 
-0.222 
-0.222 
-0.222 
-0.222 
-0.222 
-0.222 
-0.222 
-0.222 
-0.222 
-0.222 
-0.222 
-0.222 
-0.222 
-0.222 
-0.222 
-0.222 
-0.222 
-0.222 
-0.222 
-0.222 
-0.222 
-0.222 
-0.222 
-0.222 
-0.222 
-0.222 
-0.222 
-0.222 
-0.222 
-0.222 
-0.222 
-0.222 
-0.222 
-0.222 
-0.222 
-0.222 
-0.222 
-0.222 
-0.222 
-0.222 
-0.222 
-0.222 
-0.222 
-0.222 
-0.222 
-0.222 
-0.222 
-0.222 
-0.222 
-0.222 
-0.222 
-0.222 
-0.222 
-0.222 
-0.222 
-0.222 
-0.222 
-0.222 
-0.222 
-0.222 
-0.222 
-0.222 
-0.222 
-0.222 
-0.222 
-0.222 
-0.222 
-0.222 
-0.222 
-0.222 
-0.222 
-0.222 
-0.222 
-0.222 
-0.222 
-0.222 
-0.222 
-0.222 
-0.222 
-0.222 
-0.222 
-0.222 
-0.222 
-0.222 
-0.222 
-0.222 
-0.222 
-0.222 
-0.222 
-0.222 
-0.222 
-0.222 
-0.222 
-0.222 
-0.222 
-0.222 
-0.222 
-0.222 
-0.222 
-0.222 
-0.222 
-0.222 
-0.222 
-0.222 
-0.222 
-0.222 
-0.222 
-0.222 
-0.222 
-0.222 
-0.222 
-0.222 
-0.222 
-0.222 
-0.222 
-0.222 
-0.222 
-0.222 
-0.222 
-0.222 
-0.222 
-0.222 
-0.222 
-0.222 
-0.222 
-0.222 
-0.222 
-0.222 
-0.222 
-0.222 
-0.222 
-0.222 
-0.222 
-0.222 
-0.222 
-0.222 
-0.222 
-0.222 
-0.222 
-0.222 
-0.222 
-0.222 
-0.222 
-0.222 
-0.222 
-0.222 
-0.222 
-0.222 
-0.222 
-0.222 
-0.222 
-0.222 
-0.222 
-0.222 
-0.222 
-0.222 
-0.222 
-0.222 
-0.222 
-0.222 
-0.222 
-0.222 
-0.222 
-0.222 
-0.222 
-0.222 
-0.222 
-0.222 
-0.222 
-0.222 
-0.222 
-0.222 
-0.222 
-0.222 
-0.222 
-0.222 
-0.222 
-0.222 
-0.222 
-0.222 
-0.222 
-0.222 
-0.222 
-0.222 
-0.222 
-0.222 
-0.222 
-0.222 
-0.222 
-0.222 
-0.222 
-0.222 
-0.222 
-0.222 
-0.222 
-0.222 
-0.222 
-0.222 
-0.222 
-0.222 
-0.222 
-0.222 
-0.222 
-0.222 
-0.222 
-0.222 
-0.222 
-0.222 
-0.222 
-0.222 
-0.222 
-0.222 
-0.222 
-0.222 
-0.222 
-0.222 
-0.222 
-0.222 
-0.222 
-0.222 
-0.222 
-0.222 
-0.222 
-0.222 
-0.222 
-0.222 
-0.222 
-0.222 
-0.222 
-0.222 
-0.222 
-0.222 
-0.222 
-0.222 
-0.222 
-0.222 
-0.222 
-0.222 
-0.222 
-0.222 
-0.222 
-0.222 
-0.222 
-0.222 
-0.222 
-0.222 
-0.222 
-0.222 
-0.222 
-0.222 
-0.222 
-0.222 
-0.222 
-0.222 
-0.222 
-0.222 
-0.222 
-0.222 
-0.222 
-0.222 
-0.222 
-0.222 
-0.222 
-0.222 
-0.222 
-0.222 
-0.222 
-0.222 
-0.222 
-0.222 
-0.222 
-0.222 
-0.222 
-0.222 
-0.222 
-0.222 
-0.222 
-0.222 
-0.222 
-0.222 
-0.222 
-0.222 
-0.222 
-0.222 
-0.222 
-0.222 
-0.222 
-0.222 
-0.222 
-0.222 
-0.222 
-0.222 
-0.222 
-0.222 
-0.222 
-0.222 
-0.222 
-0.222 
-0.222 
-0.222 
-0.222 
-0.222 
-0.222 
-0.222 
-0.222 
-0.222 
-0.222 
-0.222 
-0.222 
-0.222 
-0.222 
-0.222 
-0.222 
-0.222 
-0.222 
-0.222 
2.438 
2.438 
0.063 
0.063 
0.063 
0.063 
0.595 
0.595 
0.12 
0.12 
0.12 
0.12 
1.212 
1.212 
0.237 
0.237 
0.237 
0.237 
-1.695 
-1.695 
0.03 
0.03 
0.03 
0.03 
1.962 
1.962 
0.237 
0.237 
0.237 
0.237 
-1.723 
-1.723 
0.027 
0.027 
0.027 
0.027 
1.987 
1.987 
0.237 
0.237 
0.237 
0.237 
0.237 
0.237 
0.237 
0.237 
0.237 
0.237 
-1.975 
-1.975 
0 
0 
0 
0 
0 
0 
0 
0 
0 
0 
0 
2.212 
2.212 
0.237 
0.237 
0.237 
0.237 
-1.807 
-1.807 
0.018 
0.018 
0.018 
0.018 
0.018 
0.018 
-0.094 
-0.094 
0.006 
0.006 
0.006 
0.006 
0.23 
0.23 
0.03 
0.03 
0.03 
0.03 
-0.166 
-0.166 
0.009 
0.009 
0.009 
0.009 
-0.019 
-0.019 
0.006 
0.006 
0.006 
0.006 
0.034 
0.034 
0.009 
0.009 
0.009 
0.009 
0.009 
0.009 
0.009 
0.009 
0.009 
0.009 
0.009 
0.009 
0.009 
0.009 
0.009 
0.009 
2.137 
2.137 
0.237 
0.237 
0.237 
0.237 
-1.975 
-1.975 
0 
0 
0 
0 
0 
0 
2.212 
2.212 
0.237 
0.237 
0.237 
0.237 
0.237 
0.237 
0.237 
0.237 
0.237 
0.237 
-2.479 
-2.479 
-0.054 
-0.054 
-0.054 
-0.054 
-0.082 
-0.082 
-0.057 
-0.057 
-0.057 
-0.057 
0.615 
0.615 
0.015 
0.015 
0.015 
0.015 
-0.097 
-0.097 
0.003 
0.003 
0.003 
0.003 
-0.137 
-0.137 
-0.012 
-0.012 
-0.012 
-0.012 
-0.012 
2.312 
2.312 
0.237 
0.237 
0.237 
0.237 
-1.863 
-1.863 
0.012 
0.012 
0.012 
0.012 
-0.072 
-0.072 
0.003 
0.003 
0.003 
0.003 
0.003 
0.003 
2.187 
2.187 
0.237 
0.237 
0.237 
0.237 
-1.947 
-1.947 
0.003 
0.003 
0.003 
0.003 
0.059 
0.059 
0.009 
0.009 
0.009 
0.009 
-0.187 
-0.187 
-0.012 
-0.012 
-0.012 
-0.012 
0.1 
0.1 
0 
0 
0 
0 
0.084 
0.084 
0.009 
0.009 
0.009 
0.009 
0.037 
0.037 
0.012 
0.012 
0.012 
0.012 
0.012 
0.012 
-0.212 
-0.212 
-0.012 
-0.012 
-0.012 
-0.012 
2.284 
2.284 
0.234 
0.234 
0.234 
0.234 
-1.95 
-1.95 
0 
0 
0 
0 
-0.14 
-0.14 
-0.015 
-0.015 
-0.015 
-0.015 
0.181 
0.181 
0.006 
0.006 
0.006 
0.006 
2.134 
2.134 
0.234 
0.234 
0.234 
0.234 
-2.062 
-2.062 
-0.012 
-0.012 
-0.012 
-0.012 
-0.012 
-0.012 
2.312 
0.237 
0.237 
0.237 
0.237 
-1.947 
-1.947 
0.003 
0.003 
0.003 
0.003 
0.059 
0.059 
0.009 
0.009 
0.009 
0.009 
0.009 
0.009 
2.109 
2.109 
0.234 
0.234 
0.234 
0.234 
-1.866 
-1.866 
0.009 
0.009 
0.009 
0.009 
2.109 
2.109 
0.234 
0.234 
0.234 
0.234 
0.234 
0.234 
0.234 
0.234 
0.234 
0.234 
-2.062 
-2.062 
-0.012 
-0.012 
-0.012 
-0.012 
0.128 
0.128 
0.003 
0.003 
0.003 
0.003 
-0.137 
-0.137 
-0.012 
-0.012 
-0.012 
-0.012 
-0.012 
-0.012 
2.312 
2.312 
0.237 
0.237 
0.237 
0.237 
-1.863 
-1.863 
0.012 
0.012 
0.012 
0.012 
-0.212 
-0.212 
-0.012 
-0.012 
-0.012 
-0.012 
