0 
-0.364 
-0.364 
-0.039 
-0.039 
-0.039 
-0.039 
-0.039 
-0.039 
-1.187 
-1.187 
-0.162 
-0.162 
-0.162 
-0.162 
-0.162 
-0.162 
0.678 
0.678 
-0.072 
-0.072 
-0.072 
-0.072 
-0.072 
-0.072 
0.152 
-0.048 
-0.048 
-0.048 
-0.048 
-0.048 
-0.048 
-0.048 
-0.048 
-0.048 
-0.048 
-0.048 
-0.048 
-0.048 
-0.048 
-0.244 
-0.244 
-0.069 
-0.069 
-0.069 
-0.069 
-0.069 
-0.069 
2.759 
2.759 
0.234 
0.234 
0.234 
0.234 
0.234 
0.234 
-2.37 
-2.37 
-0.045 
-0.045 
-0.045 
-0.045 
-0.045 
-0.045 
-1.137 
-1.137 
-0.162 
-0.162 
-0.162 
-0.162 
-0.162 
-0.162 
0.762 
0.762 
-0.063 
-0.063 
-0.063 
-0.063 
-0.063 
-0.063 
0.077 
0.077 
-0.048 
-0.048 
-0.048 
-0.048 
-0.048 
-0.048 
0.092 
0.092 
-0.033 
-0.033 
-0.033 
-0.033 
-0.033 
-0.033 
-0.005 
-0.005 
-0.03 
-0.03 
-0.03 
-0.03 
-0.03 
-0.03 
-0.59 
-0.59 
-0.09 
-0.09 
-0.09 
-0.09 
-0.09 
-0.09 
0.134 
0.134 
-0.066 
-0.066 
-0.066 
-0.066 
-0.066 
-0.066 
0.046 
0.046 
-0.054 
-0.054 
-0.054 
-0.054 
-0.054 
0.17 
0.17 
-0.03 
-0.03 
-0.03 
-0.03 
-0.03 
-0.03 
-0.17 
-0.17 
-0.045 
-0.045 
-0.045 
-0.045 
-0.045 
-0.045 
-0.745 
-0.745 
-0.12 
-0.12 
-0.12 
-0.12 
-0.12 
-0.12 
0.636 
0.636 
-0.039 
-0.039 
-0.039 
-0.039 
-0.039 
-0.039 
-0.319 
-0.319 
-0.069 
-0.069 
-0.069 
-0.069 
-0.069 
-0.069 
0.295 
0.295 
-0.03 
-0.03 
-0.03 
-0.03 
-0.03 
-0.03 
-0.254 
-0.254 
-0.054 
-0.054 
-0.054 
-0.054 
-0.698 
-0.698 
-0.123 
-0.123 
-0.123 
-0.123 
-0.123 
-0.123 
0.689 
0.689 
-0.036 
-0.036 
-0.036 
-0.036 
-0.036 
-0.036 
-0.652 
-0.652 
-0.102 
-0.102 
-0.102 
-0.102 
-0.102 
-0.102 
0.542 
0.542 
-0.033 
-0.033 
-0.033 
-0.033 
-0.033 
-0.089 
-0.089 
-0.039 
-0.039 
-0.039 
-0.039 
-0.039 
-0.039 
-0.375 
-0.375 
-0.075 
-0.075 
-0.075 
-0.075 
-0.075 
-0.075 
0.009 
0.009 
-0.066 
-0.066 
-0.066 
-0.066 
-0.094 
-0.094 
-0.069 
-0.069 
-0.069 
-0.069 
2.199 
2.199 
0.174 
0.174 
0.174 
0.174 
-0.722 
-0.722 
0.078 
0.078 
0.638 
0.638 
0.138 
0.138 
0.138 
0.138 
0.138 
0.138 
0.138 
0.138 
0.138 
0.138 
0.138 
0.138 
0.138 
0.138 
0.138 
0.138 
0.138 
0.138 
0.138 
0.138 
0.138 
0.138 
0.138 
0.138 
0.138 
0.138 
0.138 
0.138 
0.138 
0.138 
0.138 
0.138 
0.138 
0.138 
0.138 
0.138 
0.138 
0.138 
0.138 
0.138 
0.138 
0.138 
0.138 
0.138 
0.138 
0.138 
0.138 
0.138 
0.138 
0.138 
0.138 
0.138 
0.138 
0.138 
0.138 
0.138 
0.138 
0.138 
0.138 
0.138 
0.138 
0.138 
0.138 
0.138 
0.138 
0.138 
0.138 
0.138 
0.138 
0.138 
0.138 
0.138 
0.138 
0.138 
0.138 
0.138 
0.138 
0.138 
0.138 
0.138 
0.138 
0.138 
0.138 
0.138 
0.138 
0.138 
0.138 
0.138 
0.138 
0.138 
0.138 
0.138 
0.138 
0.138 
0.138 
0.138 
0.138 
0.138 
0.138 
0.138 
0.138 
0.138 
0.138 
0.138 
0.138 
0.138 
0.138 
0.138 
0.138 
0.138 
0.138 
0.138 
0.138 
0.138 
0.138 
0.138 
0.138 
0.138 
0.138 
-2.27 
-2.27 
-0.12 
-0.12 
-0.036 
-0.036 
-0.083 
-0.083 
-0.108 
-0.108 
-0.052 
-0.052 
-0.102 
-0.102 
-0.046 
-0.046 
-0.096 
-0.096 
-0.096 
-0.096 
-0.124 
-0.124 
-0.099 
-0.099 
-0.183 
-0.183 
-0.136 
-0.136 
-0.111 
-0.111 
-0.111 
-0.111 
-0.111 
-0.111 
-0.083 
-0.083 
-0.108 
-0.108 
-0.108 
-0.108 
-0.108 
-0.108 
-0.108 
-0.108 
-0.136 
-0.136 
-0.083 
-0.083 
-0.108 
-0.108 
-0.08 
-0.08 
-0.105 
-0.105 
-0.077 
-0.077 
-0.074 
-0.074 
-0.099 
-0.099 
-0.043 
-0.043 
-0.093 
-0.037 
-0.037 
-0.087 
-0.087 
-0.031 
-0.031 
0.031 
0.031 
-0.069 
-0.069 
-0.013 
-0.013 
-0.063 
-0.063 
-0.007 
-0.007 
-0.000999998 
-0.000999998 
-0.051 
-0.051 
0.005 
0.005 
-0.045 
-0.045 
0.039 
0.039 
0.02 
0.02 
-0.03 
-0.03 
0.026 
0.026 
-0.024 
-0.024 
0.06 
0.06 
0.013 
0.013 
-0.012 
-0.012 
0.016 
0.016 
-0.009 
-0.009 
0.075 
0.075 
0 
0 
0 
0 
0 
0 
0 
0 
0.028 
0.028 
0.031 
0.031 
0.006 
0.006 
0.034 
0.034 
0.009 
0.009 
0.037 
0.037 
0.012 
0.012 
0.012 
0.012 
0.04 
0.04 
0.015 
0.015 
0.015 
0.015 
0.043 
0.043 
0.018 
0.018 
0.046 
0.046 
0.021 
0.021 
0.049 
0.049 
0.052 
0.052 
0.027 
0.027 
0.055 
0.055 
0.058 
0.058 
0.033 
0.033 
0.061 
0.061 
0.036 
0.036 
0.064 
0.064 
0.067 
0.067 
0.042 
0.042 
0.07 
0.07 
0.045 
0.045 
0.073 
0.076 
0.076 
0.051 
0.051 
0.051 
0.051 
0.079 
0.079 
0.082 
0.082 
0.057 
0.057 
0.085 
0.085 
0.06 
0.06 
0.088 
0.088 
0.091 
0.091 
0.066 
0.066 
0.094 
0.094 
0.069 
0.069 
0.097 
0.097 
0.1 
0.1 
0.075 
0.075 
0.075 
0.075 
0.075 
0.075 
0.103 
0.103 
0.106 
0.106 
0.081 
0.081 
0.081 
0.081 
0.081 
0.081 
0.109 
0.109 
0.084 
0.084 
0.084 
0.084 
0.084 
0.084 
0.084 
0.084 
0.112 
0.112 
0.087 
0.087 
0.087 
0.087 
0.087 
0.087 
0.087 
0.087 
0.087 
0.087 
0.087 
0.087 
0.087 
0.087 
0.115 
0.115 
0.09 
0.09 
0.09 
0.09 
0.09 
0.09 
0.09 
0.09 
0.118 
0.118 
0.093 
0.093 
0.093 
0.093 
0.093 
0.093 
0.093 
0.093 
0.093 
0.093 
0.121 
0.121 
0.096 
0.096 
0.096 
0.096 
0.096 
0.096 
0.096 
0.096 
0.096 
0.096 
0.096 
0.096 
0.124 
0.124 
0.099 
0.099 
0.099 
0.099 
0.099 
0.099 
0.099 
0.099 
0.099 
0.099 
0.099 
0.127 
0.127 
0.102 
0.102 
0.102 
0.102 
0.102 
0.102 
0.102 
0.102 
0.13 
0.13 
0.105 
0.105 
0.105 
0.105 
0.105 
0.105 
0.105 
0.105 
0.105 
0.105 
0.105 
0.105 
0.105 
0.105 
0.105 
0.105 
0.105 
0.105 
0.105 
0.105 
0.105 
0.105 
0.105 
0.105 
0.105 
0.105 
0.105 
0.105 
0.105 
0.105 
0.105 
0.105 
0.105 
0.105 
0.077 
0.077 
0.102 
0.102 
0.13 
0.13 
0.105 
0.105 
0.105 
0.105 
0.105 
0.105 
0.105 
0.105 
0.105 
0.105 
0.105 
0.105 
0.105 
0.105 
0.105 
0.105 
0.105 
0.105 
0.105 
0.105 
0.105 
0.105 
0.105 
0.105 
0.105 
0.105 
0.105 
0.105 
0.133 
0.133 
0.108 
0.108 
0.108 
0.108 
0.108 
0.108 
0.108 
0.108 
0.108 
0.108 
0.108 
0.108 
0.108 
0.108 
0.08 
0.08 
0.105 
0.105 
0.105 
0.105 
0.105 
0.105 
0.105 
0.105 
0.105 
0.077 
0.077 
0.102 
0.102 
0.102 
0.102 
0.074 
0.074 
0.099 
0.099 
0.099 
0.099 
0.099 
0.099 
0.099 
0.099 
0.071 
0.071 
0.096 
0.096 
0.096 
0.096 
0.096 
0.096 
0.096 
0.096 
0.096 
0.096 
0.096 
0.096 
0.096 
0.096 
0.096 
0.096 
0.096 
0.096 
0.096 
0.096 
0.096 
0.096 
0.096 
0.096 
0.096 
0.096 
0.096 
0.096 
0.096 
0.096 
0.096 
0.096 
0.096 
0.096 
0.096 
0.096 
0.096 
0.096 
0.068 
0.068 
0.093 
0.093 
0.093 
0.093 
0.065 
0.065 
0.09 
0.09 
0.062 
0.062 
0.087 
0.087 
0.087 
0.087 
0.059 
0.059 
0.084 
0.084 
0.056 
0.056 
0.081 
0.081 
0.053 
0.053 
0.078 
0.078 
0.078 
0.078 
0.05 
0.05 
0.075 
0.075 
0.047 
0.047 
0.072 
0.072 
0.072 
0.072 
0.044 
0.044 
0.041 
0.041 
0.066 
0.066 
0.066 
0.066 
0.066 
0.066 
0.066 
0.066 
0.038 
0.063 
0.063 
0.063 
0.063 
0.063 
0.063 
0.063 
0.063 
0.063 
0.063 
0.063 
0.063 
0.063 
0.063 
0.035 
0.035 
0.06 
0.06 
0.06 
0.06 
0.06 
0.06 
0.06 
0.06 
0.088 
0.088 
0.063 
0.063 
0.063 
0.063 
0.063 
0.063 
0.063 
0.063 
0.063 
0.063 
0.063 
0.063 
0.063 
0.063 
0.063 
0.063 
0.063 
0.063 
0.063 
0.063 
0.035 
0.035 
0.06 
0.06 
0.06 
0.06 
0.032 
0.032 
0.057 
0.057 
0.057 
0.057 
0.057 
0.057 
0.057 
0.057 
0.029 
0.029 
0.054 
0.054 
0.026 
0.026 
0.051 
0.051 
0.051 
0.051 
0.023 
0.023 
0.048 
0.048 
0.048 
0.048 
0.048 
0.048 
0.02 
0.02 
0.017 
0.017 
0.042 
0.042 
0.042 
0.042 
0.042 
0.042 
0.014 
0.014 
0.039 
0.039 
0.039 
0.039 
0.011 
0.011 
0.036 
0.036 
0.036 
0.036 
0.008 
0.008 
0.033 
0.033 
0.005 
0.005 
0.03 
0.03 
0.03 
0.03 
0.03 
0.002 
0.002 
0.027 
0.027 
0.027 
0.027 
0.027 
0.027 
0.027 
0.027 
-0.001 
-0.001 
0.024 
0.024 
0.024 
0.024 
0.024 
0.024 
0.024 
0.024 
0.024 
0.024 
0.024 
0.024 
0.024 
0.024 
-0.004 
-0.004 
0.021 
0.021 
0.021 
0.021 
0.021 
0.021 
0.021 
0.021 
0.021 
0.021 
0.021 
0.021 
0.021 
0.021 
0.021 
0.021 
0.021 
0.021 
-0.007 
-0.007 
0.018 
0.018 
0.018 
0.018 
0.018 
0.018 
0.018 
0.018 
0.018 
0.018 
0.018 
0.018 
0.018 
0.018 
0.018 
0.018 
0.018 
0.018 
0.018 
0.018 
0.018 
0.018 
0.018 
0.018 
-0.01 
-0.01 
0.015 
0.015 
0.015 
0.015 
0.015 
0.015 
0.015 
0.015 
0.015 
0.015 
0.015 
0.015 
-0.013 
-0.013 
0.012 
0.012 
0.012 
0.012 
-0.016 
-0.016 
0.009 
0.009 
0.009 
0.009 
0.009 
0.009 
0.009 
0.009 
0.009 
0.009 
0.009 
0.009 
-0.019 
0.006 
0.006 
0.006 
0.006 
0.006 
0.006 
0.006 
0.006 
0.006 
0.006 
0.006 
0.006 
-0.666 
-0.666 
-0.066 
-0.066 
0.578 
0.578 
-0.837 
-0.837 
-0.087 
-0.087 
-0.171 
-0.171 
-0.096 
-0.096 
0.184 
0.184 
0.494 
0.494 
-0.006 
-0.006 
-0.118 
-0.118 
-0.018 
-0.018 
-0.102 
-0.102 
-0.027 
-0.027 
-0.027 
-0.027 
0.085 
0.085 
-0.015 
-0.015 
-0.967 
-0.967 
-0.397 
-0.397 
-0.147 
-0.147 
-0.147 
-0.147 
-0.147 
-0.147 
0.049 
0.049 
-0.238 
-0.238 
-0.138 
-0.138 
1.122 
1.122 
-0.003 
-0.003 
-0.115 
-0.115 
-0.015 
-0.015 
-0.015 
-0.015 
0.013 
0.013 
-0.012 
-0.012 
0.1 
0.1 
-1.96 
-1.96 
-0.21 
-0.21 
-0.294 
-0.294 
-0.219 
-0.219 
-0.219 
-0.219 
1.097 
1.097 
-0.078 
-0.078 
0.79 
0.79 
-0.125 
-0.125 
0 
0 
-0.056 
-0.056 
-0.006 
-0.006 
-0.006 
-0.006 
-0.006 
-0.006 
0.162 
0.162 
0.012 
0.208 
0.208 
0.033 
0.033 
0.173 
0.173 
0.048 
0.048 
0.02 
0.02 
-0.011 
-0.011 
0.039 
0.039 
-0.017 
-0.017 
0.033 
0.033 
0.033 
0.033 
0.033 
0.033 
0.033 
0.033 
0.033 
0.033 
0.005 
0.005 
0.03 
0.03 
0.086 
0.086 
0.036 
0.036 
0.036 
0.036 
0.036 
0.036 
-0.02 
-0.02 
0.03 
0.03 
-0.026 
-0.026 
0.024 
0.024 
-0.004 
-0.004 
0.049 
0.049 
0.024 
0.024 
0.024 
0.024 
0.024 
0.024 
0.024 
0.024 
0.024 
0.024 
0.024 
0.024 
0.052 
0.052 
0.027 
0.027 
0.027 
0.027 
0.027 
0.027 
0.027 
0.027 
0.055 
0.055 
0.03 
0.03 
0.03 
0.03 
0.03 
0.03 
0.03 
0.03 
0.03 
0.03 
0.058 
0.058 
0.033 
0.033 
0.033 
0.033 
0.033 
0.033 
0.061 
0.061 
0.036 
0.036 
0.036 
0.036 
0.064 
0.064 
0.039 
0.039 
0.039 
0.039 
0.039 
0.039 
0.039 
0.039 
0.039 
0.039 
0.039 
0.039 
0.039 
0.039 
0.039 
0.039 
0.039 
0.039 
0.039 
0.039 
0.039 
0.039 
0.039 
0.039 
0.039 
0.039 
0.039 
0.039 
0.039 
0.039 
0.039 
0.039 
0.039 
0.039 
0.039 
0.039 
0.039 
0.039 
0.039 
0.039 
0.039 
0.039 
0.039 
0.039 
0.039 
0.039 
0.039 
0.039 
0.039 
0.039 
0.039 
0.039 
0.039 
0.039 
0.039 
0.039 
0.039 
0.039 
0.039 
0.011 
0.011 
0.008 
0.008 
0.033 
0.033 
0.033 
0.033 
0.005 
0.005 
0.03 
0.03 
0.03 
0.03 
0.03 
0.03 
0.03 
0.03 
0.03 
0.03 
0.03 
0.03 
0.03 
0.03 
0.03 
0.03 
0.03 
0.03 
0.03 
0.03 
0.03 
0.03 
0.002 
0.002 
0.027 
0.027 
0.055 
0.055 
0.03 
0.03 
0.03 
0.03 
0.086 
0.086 
0.036 
0.036 
0.036 
0.036 
0.064 
0.064 
0.039 
0.039 
0.039 
0.039 
0.039 
0.039 
0.039 
0.039 
0.067 
0.067 
0.042 
0.042 
0.042 
0.042 
0.042 
0.042 
0.042 
0.042 
0.042 
0.042 
0.042 
0.042 
0.042 
0.042 
0.042 
0.042 
0.042 
0.042 
0.042 
0.042 
0.042 
0.042 
0.042 
0.042 
0.042 
0.042 
0.042 
0.042 
0.042 
0.07 
0.07 
0.045 
0.045 
0.045 
0.045 
0.045 
0.045 
0.045 
0.045 
0.045 
0.045 
0.073 
0.073 
0.048 
0.048 
0.048 
0.048 
0.048 
0.048 
0.048 
0.048 
0.048 
0.048 
0.048 
0.048 
0.048 
0.048 
0.048 
0.048 
0.076 
0.076 
0.023 
0.023 
0.048 
0.048 
0.048 
0.048 
0.048 
0.048 
0.048 
0.048 
0.048 
0.048 
0.048 
0.048 
0.02 
0.02 
0.045 
0.045 
0.045 
0.045 
0.017 
0.017 
0.042 
0.042 
-0.014 
-0.014 
0.036 
0.036 
0.036 
0.036 
0.036 
0.036 
-2.064 
-2.064 
0.007 
0.007 
-0.168 
-0.168 
0.7 
0.7 
-0.271 
-0.271 
-0.096 
-0.096 
1.024 
1.024 
0.024 
0.024 
-0.004 
-0.004 
-0.007 
-0.007 
0.018 
0.018 
-0.01 
0.015 
0.015 
0.015 
0.015 
0.015 
0.015 
-0.013 
-0.013 
-0.016 
-0.016 
0.009 
0.009 
-0.019 
-0.019 
0.006 
0.006 
0.006 
0.006 
0.006 
0.006 
0.006 
0.006 
0.006 
0.006 
0.006 
0.006 
0.006 
0.006 
0.006 
0.006 
0.006 
0.006 
0.006 
0.006 
0.006 
0.006 
0.006 
0.006 
0.034 
0.034 
0.009 
0.009 
0.009 
0.009 
0.009 
0.009 
0.009 
0.009 
0.037 
0.037 
0.012 
0.012 
-0.016 
-0.016 
0.009 
0.009 
0.009 
0.009 
0.009 
0.009 
0.009 
0.009 
0.009 
0.009 
0.009 
0.009 
0.065 
0.065 
0.015 
0.015 
0.015 
0.015 
-0.013 
-0.013 
0.012 
0.012 
0.012 
0.012 
0.04 
0.04 
0.015 
0.015 
0.071 
0.071 
0.021 
0.021 
0.049 
0.049 
0.052 
0.052 
0.027 
0.027 
0.055 
0.055 
0.058 
0.058 
0.033 
0.033 
0.061 
0.061 
0.036 
0.036 
0.008 
0.008 
0.033 
0.033 
0.033 
0.033 
0.033 
0.033 
0.033 
0.033 
0.033 
0.033 
0.033 
0.061 
0.061 
0.036 
0.036 
0.036 
0.036 
0.064 
0.064 
0.039 
0.039 
0.039 
0.039 
0.039 
0.039 
0.039 
0.039 
0.067 
0.067 
0.042 
0.042 
0.042 
0.042 
0.07 
0.07 
0.045 
0.045 
0.045 
0.045 
0.045 
0.045 
0.045 
0.045 
0.129 
0.129 
0.054 
0.054 
0.054 
0.054 
0.054 
0.054 
0.054 
0.054 
0.082 
0.082 
0.057 
0.057 
0.057 
0.057 
0.057 
0.057 
0.057 
0.057 
0.057 
0.057 
0.057 
0.057 
0.085 
0.085 
0.06 
0.06 
0.06 
0.06 
0.06 
0.06 
0.06 
0.06 
0.06 
0.06 
0.06 
0.06 
0.06 
0.06 
0.06 
0.06 
0.06 
0.06 
0.06 
0.06 
0.06 
0.06 
0.06 
0.06 
0.06 
0.06 
0.06 
0.06 
0.06 
0.06 
0.06 
0.06 
0.06 
0.06 
0.06 
0.06 
0.06 
0.06 
0.06 
0.06 
0.06 
0.06 
0.06 
0.06 
0.06 
0.06 
0.06 
0.06 
0.06 
0.06 
0.06 
0.06 
0.06 
0.06 
0.06 
0.06 
0.06 
0.06 
0.06 
0.06 
0.06 
0.116 
0.116 
0.066 
0.066 
0.066 
0.066 
0.066 
0.066 
0.066 
0.066 
0.066 
0.066 
0.066 
0.066 
0.094 
0.094 
0.069 
0.069 
0.069 
0.069 
0.069 
0.069 
0.069 
0.069 
0.069 
0.069 
0.069 
0.069 
0.069 
0.069 
0.069 
0.069 
0.069 
0.069 
0.069 
0.069 
0.069 
0.069 
0.069 
0.069 
0.069 
0.069 
0.069 
0.069 
0.069 
0.069 
0.069 
0.069 
0.069 
0.069 
0.069 
0.069 
0.069 
0.069 
0.069 
0.069 
0.097 
0.097 
0.072 
0.072 
0.044 
0.044 
0.069 
0.069 
0.069 
0.069 
0.069 
0.069 
0.069 
0.069 
0.097 
0.097 
0.072 
0.072 
0.044 
0.044 
0.069 
0.069 
0.069 
0.069 
0.041 
0.041 
0.066 
0.066 
0.066 
0.066 
0.066 
0.066 
0.094 
0.094 
0.041 
0.041 
0.066 
0.066 
0.038 
0.038 
0.091 
0.066 
0.066 
0.066 
0.066 
0.066 
0.066 
0.038 
0.038 
0.063 
0.063 
0.063 
0.063 
0.063 
0.063 
0.063 
0.063 
0.063 
0.063 
0.035 
0.035 
0.06 
0.06 
0.06 
0.06 
0.06 
0.06 
0.06 
0.06 
0.06 
0.06 
0.06 
0.06 
0.06 
0.06 
0.06 
0.06 
0.032 
0.032 
0.057 
0.057 
0.085 
0.085 
0.06 
0.06 
0.06 
0.06 
0.06 
0.06 
0.06 
0.06 
0.06 
0.06 
0.06 
0.06 
0.06 
0.06 
0.032 
0.032 
0.057 
0.057 
0.057 
0.057 
0.057 
0.057 
0.057 
0.057 
0.057 
0.057 
0.085 
0.085 
0.06 
0.06 
0.032 
0.032 
0.057 
0.057 
0.057 
0.057 
0.057 
0.057 
0.057 
0.057 
0.029 
0.029 
0.054 
0.054 
0.082 
0.082 
0.029 
0.029 
0.054 
0.054 
0.054 
0.054 
0.054 
0.054 
0.054 
0.054 
0.026 
0.026 
0.051 
0.051 
0.051 
0.051 
0.051 
0.051 
0.051 
0.051 
0.051 
0.051 
0.051 
0.079 
0.079 
0.054 
0.054 
0.138 
0.138 
0.063 
0.063 
0.119 
0.119 
0.069 
0.069 
0.153 
0.153 
0.19 
0.19 
0.09 
0.09 
0.174 
0.174 
0.099 
0.099 
0.211 
0.211 
0.139 
0.139 
0.114 
0.114 
0.142 
0.142 
0.117 
0.117 
0.117 
0.117 
0.117 
0.117 
0.117 
0.117 
0.061 
0.061 
0.083 
0.083 
0.108 
0.108 
-0.004 
-0.004 
0.096 
0.096 
-0.044 
-0.044 
-0.115 
-0.115 
0.06 
0.06 
-0.136 
-0.136 
0.039 
0.039 
-0.129 
-0.129 
-0.091 
-0.091 
0.009 
0.009 
-0.075 
-0.075 
0 
0 
-0.112 
-0.112 
-0.096 
-0.096 
-0.021 
-0.021 
-0.161 
-0.161 
-0.036 
-0.036 
-0.092 
-0.092 
-0.126 
-0.126 
-0.051 
-0.051 
-0.079 
-0.079 
-0.054 
-0.054 
-0.11 
-0.11 
-0.088 
-0.088 
-0.063 
-0.063 
-0.063 
-0.063 
-0.063 
-0.063 
-0.091 
-0.091 
-0.066 
-0.066 
-0.066 
-0.066 
-0.038 
-0.038 
-0.063 
-0.063 
-0.063 
-0.063 
-0.063 
-0.063 
-0.063 
-0.119 
-0.119 
-0.069 
-0.069 
-0.069 
-0.069 
-0.069 
-0.069 
-0.097 
-0.097 
-0.072 
-0.072 
-0.072 
-0.072 
-0.128 
-0.128 
-0.078 
-0.078 
-0.106 
-0.106 
-0.109 
-0.109 
-0.084 
-0.084 
-0.14 
-0.14 
-0.09 
-0.09 
-0.09 
-0.09 
-0.146 
-0.146 
-0.096 
-0.096 
-0.18 
-0.18 
-0.105 
-0.105 
-0.105 
-0.105 
-0.189 
-0.189 
-0.114 
-0.114 
-0.142 
-0.142 
-0.145 
-0.145 
-0.12 
-0.12 
-0.12 
-0.12 
-0.12 
-0.12 
-0.204 
-0.204 
-0.129 
-0.129 
-0.157 
-0.157 
-0.16 
-0.16 
-0.135 
-0.135 
-0.163 
-0.163 
-0.138 
-0.138 
-0.166 
-0.166 
-0.169 
-0.169 
-0.144 
-0.144 
-0.2 
-0.2 
-0.122 
-0.122 
-0.147 
-0.147 
-0.203 
-0.203 
-0.153 
-0.153 
-0.209 
-0.209 
-0.187 
-0.187 
-0.162 
-0.162 
-0.19 
-0.19 
-0.165 
-0.165 
-0.193 
-0.193 
-0.196 
-0.196 
-0.171 
-0.171 
-0.227 
-0.227 
-0.177 
-0.177 
-0.233 
-0.233 
-0.239 
-0.239 
-0.189 
-0.189 
-0.245 
-0.195 
-0.195 
-0.251 
-0.251 
-0.201 
-0.201 
-0.285 
-0.285 
-0.21 
-0.21 
-0.294 
-0.294 
-0.219 
-0.219 
-0.219 
-0.219 
-0.247 
-0.247 
-0.222 
-0.222 
-0.222 
-0.222 
-0.222 
-0.222 
-0.222 
-0.222 
-0.222 
-0.222 
-0.222 
-0.222 
-0.222 
-0.222 
-0.222 
-0.222 
-0.222 
-0.222 
-0.222 
-0.222 
-0.222 
-0.222 
-0.222 
-0.222 
-0.222 
-0.222 
-0.222 
-0.222 
-0.222 
-0.222 
-0.222 
-0.222 
-0.222 
-0.222 
-0.222 
-0.222 
-0.222 
-0.222 
-0.222 
-0.222 
-0.222 
-0.222 
-0.222 
-0.222 
-0.222 
-0.222 
-0.222 
-0.222 
-0.194 
-0.194 
-0.219 
-0.219 
-0.219 
-0.219 
-0.219 
-0.219 
-0.219 
-0.219 
-0.219 
-0.219 
-0.219 
-0.219 
-0.219 
-0.219 
-0.219 
-0.219 
-0.219 
-0.219 
-0.219 
-0.219 
-0.219 
-0.219 
-0.219 
-0.219 
-0.219 
-0.219 
-0.219 
-0.219 
-0.219 
-0.219 
-0.219 
-0.219 
-0.219 
-0.219 
-0.219 
-0.219 
-0.219 
-0.219 
-0.219 
-0.219 
-0.219 
-0.219 
-0.219 
-0.219 
-0.219 
-0.219 
-0.219 
-0.219 
-0.219 
-0.219 
-0.219 
-0.219 
-0.219 
-0.219 
-0.219 
-0.219 
-0.219 
-0.219 
-0.219 
-0.219 
-0.219 
-0.219 
-0.219 
-0.219 
-0.219 
-0.219 
-0.219 
-0.219 
-0.219 
-0.219 
-0.219 
-0.219 
-0.219 
-0.219 
-0.219 
-0.219 
-0.219 
-0.219 
-0.219 
-0.219 
-0.219 
-0.219 
-0.219 
-0.219 
-0.219 
-0.219 
-0.219 
-0.219 
-0.219 
-0.219 
-0.219 
-0.219 
-0.219 
-0.219 
-0.219 
-0.219 
-0.219 
-0.219 
-0.219 
-0.219 
-0.219 
-0.219 
-0.219 
-0.219 
-0.219 
-0.219 
-0.219 
-0.219 
-0.219 
-0.219 
-0.219 
-0.219 
-0.219 
-0.219 
-0.219 
-0.219 
-0.219 
-0.219 
-0.219 
-0.219 
-0.219 
-0.219 
-0.219 
-0.219 
-0.219 
-0.219 
-0.219 
-0.219 
-0.219 
-0.219 
-0.219 
-0.219 
-0.219 
-0.219 
-0.219 
-0.219 
-0.219 
-0.219 
-0.219 
-0.219 
-0.219 
-0.219 
-0.219 
-0.219 
-0.219 
-0.219 
-0.219 
-0.219 
-0.219 
-0.219 
-0.219 
-0.219 
-0.219 
-0.219 
-0.219 
-0.219 
-0.219 
-0.219 
-0.219 
-0.219 
-0.219 
-0.219 
-0.219 
-0.219 
-0.219 
-0.219 
-0.219 
-0.219 
-0.219 
-0.219 
-0.219 
-0.219 
-0.219 
-0.219 
-0.219 
-0.219 
-0.219 
-0.219 
-0.219 
-0.219 
-0.219 
-0.219 
-0.219 
-0.219 
-0.219 
-0.219 
-0.219 
-0.219 
-0.219 
-0.219 
-0.219 
-0.219 
-0.219 
-0.219 
-0.219 
-0.219 
-0.219 
-0.219 
-0.219 
-0.219 
-0.219 
-0.219 
-0.219 
-0.219 
-0.219 
-0.219 
-0.219 
-0.219 
-0.219 
-0.219 
-0.219 
-0.219 
-0.219 
-0.219 
-0.219 
-0.219 
-0.219 
-0.219 
-0.219 
-0.219 
-0.219 
-0.219 
3.841 
3.841 
0.216 
0.216 
0.076 
0.076 
0.201 
0.201 
0.061 
0.061 
0.186 
0.186 
-0.00999999 
-0.00999999 
0.081 
0.081 
0.156 
0.156 
0.044 
0.044 
-0.024 
-0.024 
0.126 
0.126 
0.07 
0.07 
0.12 
0.12 
-0.02 
-0.02 
0.077 
0.077 
0.102 
0.102 
0.046 
0.046 
0.096 
0.096 
0.068 
0.068 
0.065 
0.065 
0.09 
0.09 
0.034 
0.034 
0.084 
0.084 
0.084 
0.084 
0.084 
0.084 
0.14 
0.14 
0.118 
0.118 
0.093 
0.093 
0.093 
0.093 
0.149 
0.149 
0.099 
0.099 
0.183 
0.183 
0.108 
0.136 
0.136 
0.111 
0.111 
0.139 
0.139 
0.114 
0.114 
0.142 
0.142 
0.117 
0.117 
0.117 
0.117 
0.117 
0.117 
0.117 
0.117 
0.145 
0.145 
0.12 
0.12 
0.232 
0.232 
0.132 
0.132 
0.132 
0.132 
0.132 
0.132 
0.132 
0.132 
0.132 
0.132 
0.16 
0.16 
0.135 
0.135 
0.023 
0.023 
0.151 
0.151 
0.126 
0.126 
0.126 
0.126 
0.126 
0.126 
0.154 
0.154 
-0.011 
-0.011 
0.114 
0.114 
0.254 
0.254 
0.073 
0.073 
0.123 
0.123 
0.095 
0.095 
0.12 
0.12 
0.12 
0.12 
0.12 
0.12 
0.12 
0.12 
0.148 
0.148 
0.123 
0.123 
0.123 
0.123 
0.123 
0.123 
0.123 
0.123 
0.123 
0.123 
0.123 
0.123 
0.039 
0.039 
0.114 
0.114 
0.114 
0.114 
0.114 
0.114 
0.114 
0.114 
0.086 
0.086 
0.111 
0.111 
0.111 
0.111 
0.139 
0.139 
0.142 
0.142 
0.117 
0.117 
0.117 
0.117 
0.117 
0.229 
0.229 
0.129 
0.129 
0.157 
0.157 
0.132 
0.132 
0.272 
0.272 
0.119 
0.119 
0.144 
0.144 
0.144 
0.144 
0.144 
0.144 
0.144 
0.144 
0.2 
0.2 
0.15 
0.15 
0.038 
0.038 
0.138 
0.138 
0.11 
0.11 
0.079 
0.079 
0.129 
0.129 
0.073 
0.073 
0.123 
0.123 
-0.045 
-0.045 
0.077 
0.077 
0.102 
0.102 
-0.038 
-0.038 
0.087 
0.087 
0.003 
0.003 
-0.034 
-0.034 
0.066 
0.066 
-0.018 
-0.018 
0.057 
0.057 
-0.055 
-0.055 
-0.039 
-0.039 
0.036 
0.036 
-0.02 
-0.02 
-0.054 
-0.054 
0.021 
0.021 
-0.091 
-0.091 
0.009 
0.009 
-0.019 
-0.019 
-0.05 
-0.05 
0 
0 
-0.056 
-0.056 
-0.006 
-0.006 
0.022 
0.022 
-0.031 
-0.031 
-0.006 
-0.006 
-0.062 
-0.062 
-0.012 
-0.012 
-0.068 
-0.068 
0.038 
0.038 
-0.012 
-0.012 
-0.012 
-0.012 
-0.012 
-0.012 
-0.012 
-0.012 
-0.04 
-0.04 
-0.015 
-0.015 
-0.015 
-0.015 
-0.015 
-0.015 
-0.015 
-0.015 
-0.015 
-0.043 
-0.043 
-0.018 
-0.018 
-0.018 
-0.018 
-0.018 
-0.018 
-0.018 
-0.018 
-0.074 
-0.074 
-0.024 
-0.024 
0.032 
0.032 
0.01 
0.01 
-0.015 
-0.015 
-0.127 
-0.127 
-0.027 
-0.027 
-0.027 
-0.027 
-0.027 
-0.027 
-0.027 
-0.027 
-0.027 
-0.027 
0.001 
0.001 
-0.024 
-0.024 
-0.052 
-0.052 
-0.027 
-0.027 
-0.027 
-0.027 
-0.027 
-0.027 
-0.027 
-0.027 
-0.027 
-0.027 
-0.027 
-0.027 
-0.027 
-0.027 
-0.027 
-0.027 
-0.027 
-0.027 
-0.083 
-0.083 
-0.033 
-0.033 
0.051 
0.051 
0.06 
0.06 
-0.015 
-0.015 
0.013 
0.013 
-0.012 
-0.012 
-0.012 
-0.012 
-0.012 
-0.012 
-0.012 
-0.012 
-0.04 
-0.04 
-0.015 
-0.015 
-0.015 
-0.015 
-0.099 
-0.099 
-0.024 
-0.024 
-0.052 
-0.052 
-0.027 
-0.027 
-0.055 
-0.055 
-0.114 
-0.114 
-0.039 
-0.039 
-0.095 
-0.095 
-0.045 
-0.045 
-0.101 
-0.101 
-0.163 
-0.063 
-0.063 
-0.175 
-0.175 
-0.075 
-0.075 
-0.187 
-0.187 
-0.087 
-0.087 
-0.227 
-0.227 
-0.214 
-0.214 
-0.114 
-0.114 
-0.198 
-0.198 
-0.123 
-0.123 
-0.235 
-0.235 
-0.219 
-0.219 
-0.144 
-0.144 
-0.228 
-0.228 
-0.153 
-0.153 
-0.265 
-0.265 
-0.249 
-0.249 
-0.174 
-0.174 
-0.286 
-0.286 
-0.186 
-0.186 
-0.186 
-0.186 
-0.186 
-0.186 
-0.186 
-0.186 
-0.186 
-0.186 
-0.186 
-0.186 
-0.186 
-0.186 
-0.186 
-0.186 
-0.186 
-0.186 
-0.186 
-0.186 
-0.186 
-0.186 
-0.186 
-0.186 
-0.186 
-0.186 
-0.186 
-0.186 
-0.186 
-0.186 
-0.186 
-0.186 
-0.186 
-0.186 
-0.186 
-0.186 
-0.186 
-0.186 
-0.186 
-0.186 
-0.186 
-0.186 
-0.186 
-0.186 
-0.186 
-0.186 
-0.186 
-0.186 
-0.186 
-0.186 
-0.186 
-0.186 
-0.186 
-0.186 
-0.186 
-0.186 
-0.186 
-0.186 
-0.186 
-0.186 
-0.186 
-0.186 
-0.186 
-0.186 
-0.186 
-0.186 
-0.186 
-0.186 
-0.186 
-0.186 
-0.186 
-0.186 
-0.186 
-0.186 
-0.186 
-0.186 
-0.186 
-0.186 
-0.186 
-0.186 
-0.186 
-0.186 
-0.186 
-0.186 
-0.186 
-0.186 
-0.186 
-0.186 
-0.186 
-0.186 
-0.186 
-0.186 
-0.186 
-0.186 
-0.186 
-0.186 
-0.186 
-0.186 
-0.186 
-0.186 
-0.186 
-0.186 
-0.186 
-0.186 
-0.186 
-0.186 
-0.186 
-0.186 
-0.186 
-0.186 
-0.186 
-0.186 
-0.186 
-0.186 
-0.186 
-0.186 
-0.186 
-0.186 
-0.186 
-0.186 
-0.186 
-0.158 
-0.158 
-0.183 
-0.183 
-0.183 
-0.183 
-0.183 
-0.183 
-0.183 
-0.183 
-0.183 
-0.183 
-0.183 
-0.183 
-0.183 
-0.183 
-0.183 
-0.183 
-0.183 
-0.183 
-0.183 
-0.183 
-0.183 
-0.183 
-0.183 
-0.183 
-0.183 
-0.183 
-0.183 
-0.183 
-0.183 
-0.183 
-0.183 
-0.183 
-0.183 
-0.183 
-0.183 
-0.183 
-0.183 
-0.183 
-0.183 
-0.183 
-0.183 
-0.183 
-0.183 
-0.183 
-0.183 
-0.183 
-0.183 
-0.183 
-0.183 
-0.183 
-0.183 
-0.183 
-0.183 
-0.183 
-0.183 
-0.183 
-0.183 
-0.183 
-0.183 
-0.183 
-0.183 
-0.183 
-0.183 
-0.183 
-0.183 
-0.183 
-0.183 
-0.183 
-0.183 
-0.183 
-0.183 
-0.183 
-0.183 
-0.183 
-0.183 
-0.183 
-0.183 
-0.183 
-0.183 
-0.183 
-0.183 
-0.183 
-0.183 
-0.183 
-0.183 
-0.183 
-0.183 
-0.183 
-0.183 
-0.183 
-0.183 
-0.183 
-0.183 
-0.183 
-0.183 
-0.183 
-0.183 
-0.183 
-0.183 
-0.183 
-0.183 
-0.183 
-0.183 
-0.183 
-0.183 
-0.183 
-0.183 
-0.183 
-0.183 
-0.183 
-0.183 
-0.183 
-0.183 
-0.183 
-0.183 
-0.183 
-0.183 
-0.183 
-0.183 
-0.183 
-0.183 
-0.183 
-0.183 
-0.183 
-0.183 
-0.183 
-0.183 
-0.183 
-0.183 
-0.183 
-0.183 
-0.183 
-0.183 
-0.183 
-0.183 
-0.183 
-0.183 
-0.183 
-0.183 
-0.183 
-0.183 
-0.183 
-0.183 
-0.183 
-0.183 
-0.183 
-0.183 
-0.183 
-0.183 
-0.183 
-0.183 
-0.183 
-0.183 
-0.183 
-0.183 
-0.183 
-0.183 
-0.183 
-0.183 
-0.183 
-0.183 
-0.183 
-0.183 
-0.183 
-0.183 
-0.183 
-0.183 
-0.183 
-0.183 
-0.183 
-0.183 
-0.183 
-0.183 
-0.183 
-0.183 
-0.183 
-0.183 
-0.183 
-0.183 
-0.183 
-0.183 
-0.183 
-0.183 
-0.183 
-0.183 
-0.183 
-0.183 
-0.183 
-0.183 
-0.183 
-0.183 
-0.183 
-0.183 
-0.183 
-0.183 
-0.183 
-0.183 
-0.183 
-0.183 
-0.183 
-0.183 
-0.183 
-0.183 
-0.183 
-0.183 
-0.183 
-0.183 
-0.183 
-0.183 
-0.183 
-0.183 
-0.183 
-0.183 
-0.183 
-0.183 
-0.183 
-0.183 
-0.183 
-0.183 
-0.183 
-0.183 
-0.183 
-0.211 
-0.211 
-0.186 
-0.186 
-0.186 
-0.186 
-0.186 
-0.186 
-0.186 
-0.186 
-0.186 
-0.186 
-0.186 
-0.186 
-0.186 
-0.186 
-0.186 
-0.186 
-0.186 
-0.186 
-0.158 
-0.158 
-0.183 
-0.183 
-0.183 
-0.183 
-0.183 
-0.183 
-0.183 
-0.183 
-0.183 
-0.183 
-0.183 
-0.183 
-0.183 
-0.183 
-0.183 
-0.183 
-0.183 
-0.183 
-0.183 
-0.183 
-0.183 
-0.183 
-0.183 
-0.183 
-0.183 
-0.183 
-0.183 
-0.183 
-0.183 
-0.183 
-0.183 
-0.183 
-0.183 
-0.183 
-0.183 
-0.183 
-0.183 
-0.183 
-0.183 
-0.183 
-0.183 
-0.183 
-0.183 
-0.183 
-0.183 
-0.183 
-0.183 
-0.183 
-0.183 
-0.183 
-0.183 
-0.183 
-0.183 
-0.183 
-0.183 
-0.183 
-0.183 
-0.183 
-0.183 
-0.183 
-0.183 
-0.183 
-0.183 
-0.183 
-0.183 
-0.183 
-0.183 
-0.183 
-0.183 
-0.183 
-0.183 
-0.183 
-0.183 
-0.183 
-0.183 
-0.183 
-0.183 
-0.183 
-0.183 
-0.183 
-0.183 
-0.183 
-0.183 
-0.183 
-0.183 
-0.183 
-0.183 
-0.183 
-0.183 
-0.183 
-0.183 
-0.183 
-0.183 
-0.183 
-0.183 
-0.183 
-0.183 
-0.183 
-0.183 
-0.183 
-0.183 
-0.183 
-0.183 
-0.183 
-0.183 
-0.183 
-0.183 
-0.183 
-0.183 
-0.183 
-0.183 
-0.183 
-0.183 
-0.183 
-0.183 
-0.183 
-0.183 
-0.183 
-0.183 
-0.183 
-0.183 
-0.183 
-0.183 
-0.183 
-0.183 
-0.183 
-0.183 
-0.183 
-0.183 
-0.183 
-0.183 
-0.183 
-0.183 
-0.183 
-0.183 
-0.183 
-0.183 
-0.183 
-0.183 
-0.183 
-0.183 
-0.183 
-0.183 
-0.183 
-0.183 
-0.183 
-0.183 
-0.183 
-0.183 
-0.183 
-0.183 
-0.183 
-0.183 
-0.183 
-0.183 
-0.183 
-0.183 
-0.183 
-0.183 
-0.183 
-0.183 
-0.183 
-0.183 
-0.183 
-0.183 
-0.183 
-0.183 
-0.183 
-0.183 
-0.183 
-0.183 
-0.183 
-0.183 
-0.183 
-0.183 
-0.183 
-0.183 
-0.183 
-0.183 
-0.183 
-0.183 
-0.183 
-0.183 
-0.183 
-0.183 
-0.183 
-0.183 
-0.183 
-0.183 
-0.183 
-0.183 
-0.183 
-0.183 
-0.183 
-0.183 
-0.183 
-0.183 
-0.183 
-0.183 
-0.183 
-0.183 
-0.183 
-0.183 
-0.183 
-0.183 
-0.183 
-0.183 
-0.183 
-0.183 
-0.183 
-0.183 
-0.183 
-0.183 
-0.183 
-0.183 
-0.183 
-0.183 
-0.183 
-0.183 
-0.183 
-0.183 
-0.183 
-0.183 
-0.183 
-0.183 
-0.183 
-0.183 
-0.183 
-0.211 
-0.211 
-0.186 
-0.186 
-0.186 
-0.186 
-0.186 
-0.186 
-0.186 
-0.186 
-0.186 
-0.186 
-0.186 
-0.186 
-0.186 
-0.186 
-0.186 
-0.186 
-0.186 
-0.186 
-0.186 
-0.186 
-0.186 
-0.186 
-0.186 
-0.186 
-0.186 
-0.186 
-0.186 
-0.186 
-0.186 
-0.186 
-0.186 
-0.186 
-0.186 
-0.186 
-0.186 
-0.186 
-0.186 
-0.186 
-0.186 
-0.186 
-0.186 
-0.186 
-0.186 
-0.186 
-0.186 
-0.186 
-0.186 
-0.186 
-0.186 
-0.186 
-0.186 
-0.186 
-0.186 
-0.186 
-0.186 
-0.186 
-0.186 
-0.186 
-0.186 
-0.186 
-0.186 
-0.186 
-0.186 
-0.186 
-0.186 
-0.186 
-0.186 
-0.186 
-0.186 
-0.186 
-0.186 
-0.186 
-0.186 
-0.186 
-0.186 
-0.186 
-0.186 
-0.186 
-0.186 
-0.186 
-0.186 
-0.186 
-0.186 
-0.186 
-0.186 
-0.186 
-0.186 
-0.186 
-0.186 
-0.186 
-0.186 
-0.186 
-0.186 
-0.186 
-0.186 
-0.186 
-0.186 
-0.186 
-0.186 
-0.186 
-0.186 
-0.186 
-0.186 
-0.186 
-0.186 
-0.186 
-0.186 
-0.186 
-0.186 
-0.186 
-0.186 
-0.186 
-0.186 
-0.186 
-0.186 
-0.186 
-0.186 
-0.186 
-0.186 
1.074 
-0.051 
-0.051 
-0.051 
-0.051 
-0.051 
-0.051 
0.425 
0.425 
0 
0 
0 
0 
0.196 
0.196 
0.021 
0.021 
0.021 
0.021 
0.021 
0.021 
1.029 
1.029 
0.129 
0.129 
0.129 
0.129 
0.129 
0.129 
0.129 
0.129 
-0.319 
-0.319 
0.081 
0.081 
0.081 
0.081 
0.081 
0.081 
-2.299 
-2.299 
-0.174 
-0.174 
-0.174 
-0.174 
-0.174 
-0.174 
2.85 
2.85 
0.15 
0.15 
0.15 
0.15 
0.15 
0.15 
0.738 
0.738 
0.213 
0.213 
0.213 
0.213 
0.213 
0.213 
-2.699 
-2.699 
-0.099 
-0.099 
-0.099 
-0.099 
-0.099 
-0.099 
-0.043 
-0.043 
-0.093 
-0.093 
-0.093 
-0.093 
-0.093 
-0.093 
0.131 
0.131 
-0.069 
-0.069 
-0.069 
-0.069 
-0.069 
-0.069 
-0.181 
-0.181 
-0.081 
-0.081 
-0.081 
-0.081 
2.887 
2.887 
0.237 
0.237 
0.237 
0.237 
0.237 
0.237 
-2.703 
-2.703 
-0.078 
-0.078 
-0.078 
-0.078 
-0.078 
-0.078 
-0.162 
-0.162 
-0.087 
-0.087 
-0.087 
-0.087 
-0.087 
-0.563 
-0.563 
-0.138 
-0.138 
-0.138 
-0.138 
-0.138 
-0.138 
3.362 
3.362 
0.237 
0.237 
0.237 
0.237 
0.237 
0.237 
-2.843 
-2.843 
-0.093 
-0.093 
-0.093 
-0.093 
-0.093 
-0.093 
-0.233 
-0.233 
-0.108 
-0.108 
-0.108 
-0.108 
3.112 
3.112 
0.237 
0.237 
0.237 
0.237 
0.237 
0.237 
-3.067 
-3.067 
-0.117 
-0.117 
-0.117 
-0.117 
-0.117 
-0.117 
0.219 
0.219 
-0.081 
-0.081 
-0.081 
-0.081 
-0.081 
-0.081 
-0.193 
-0.193 
-0.093 
-0.093 
-0.093 
-0.093 
-0.093 
-0.093 
-0.597 
-0.597 
-0.147 
-0.147 
-0.147 
-0.147 
3.437 
3.437 
0.237 
0.237 
0.237 
0.237 
0.237 
0.237 
-2.843 
-2.843 
-0.093 
-0.093 
-0.093 
-0.093 
-0.093 
-0.093 
2.987 
