-44 
-44 
-44 
-18 
-18 
-18 
-18 
-18 
-44 
-44 
-44 
-44 
-44 
-44 
-18 
-18 
-18 
-18 
-18 
-18 
-44 
-44 
-44 
-44 
-44 
-44 
-18 
-18 
-18 
-18 
-18 
-18 
-44 
-44 
-44 
-44 
-44 
-44 
-11 
-11 
-11 
-11 
-11 
-11 
-42 
-42 
-42 
-42 
-42 
-42 
-44 
-44 
-44 
-44 
-44 
-44 
-30 
-30 
-30 
-30 
-30 
-30 
-42 
-42 
-42 
-42 
-42 
-42 
-30 
-30 
-30 
-30 
-30 
-30 
-42 
-42 
-42 
-42 
-42 
-42 
-11 
-11 
-11 
-11 
-11 
-11 
-44 
-44 
-44 
-44 
-44 
-44 
-18 
-18 
-18 
-18 
-18 
-18 
-44 
-44 
-44 
-44 
-44 
-44 
-11 
-11 
-11 
-11 
-11 
-44 
-44 
-44 
-44 
-44 
-44 
-18 
-18 
-18 
-18 
-18 
-18 
-11 
-11 
-11 
-11 
-11 
-11 
-42 
-42 
-42 
-42 
-42 
-42 
-30 
-30 
-30 
-30 
-30 
-30 
-11 
-11 
-11 
-11 
-11 
-11 
-30 
-30 
-30 
-30 
-30 
-30 
-30 
-30 
-30 
-30 
-30 
-30 
-18 
-18 
-18 
-18 
-18 
-18 
-30 
-30 
-30 
-30 
-30 
-30 
-30 
-30 
-30 
-30 
-30 
-30 
-44 
-44 
-44 
-44 
-44 
-44 
-30 
-30 
-30 
-30 
-30 
-30 
-15 
-15 
-15 
-15 
-15 
-18 
-18 
-18 
-18 
-18 
-18 
-37 
-37 
-37 
-37 
-37 
-37 
-42 
-42 
-42 
-42 
-42 
-42 
-35 
-35 
-35 
-35 
-35 
-35 
-35 
-35 
-35 
-35 
-35 
6 
6 
6 
6 
6 
6 
9 
9 
9 
9 
9 
-28 
-28 
-28 
-28 
-28 
-3 
-3 
-3 
-3 
-3 
-6 
-6 
-6 
-6 
24 
24 
24 
24 
40 
40 
40 
40 
39 
39 
39 
39 
-32 
-32 
-32 
-39 
-39 
-39 
-39 
-44 
-44 
-44 
-32 
-32 
-32 
-40 
-40 
-40 
-35 
-35 
-35 
-30 
-30 
-30 
-44 
-44 
-44 
-44 
-44 
-44 
-44 
-44 
-44 
6 
6 
6 
-44 
-44 
-44 
12 
12 
12 
-44 
-44 
-44 
12 
12 
12 
12 
12 
12 
12 
12 
12 
13 
13 
13 
12 
12 
12 
24 
24 
24 
25 
25 
25 
22 
22 
22 
25 
25 
25 
25 
25 
25 
26 
26 
24 
24 
24 
26 
26 
26 
26 
26 
26 
26 
19 
19 
19 
26 
26 
26 
21 
21 
21 
21 
21 
21 
21 
21 
19 
19 
19 
21 
21 
21 
21 
21 
21 
22 
22 
22 
22 
21 
21 
21 
21 
21 
21 
21 
21 
21 
21 
21 
21 
21 
21 
21 
21 
21 
21 
21 
22 
22 
22 
21 
21 
21 
21 
22 
22 
22 
22 
22 
22 
22 
22 
22 
21 
21 
21 
21 
21 
21 
21 
19 
19 
19 
19 
19 
19 
19 
19 
19 
19 
18 
18 
18 
16 
16 
16 
16 
16 
16 
16 
16 
16 
16 
16 
16 
16 
16 
15 
15 
15 
13 
13 
13 
12 
12 
12 
13 
13 
13 
12 
12 
12 
12 
12 
12 
12 
10 
10 
10 
12 
12 
12 
12 
9 
9 
9 
9 
9 
9 
9 
9 
9 
9 
9 
9 
9 
9 
9 
9 
6 
6 
6 
6 
6 
6 
6 
6 
6 
6 
6 
6 
6 
6 
6 
6 
6 
6 
6 
6 
6 
6 
6 
4 
4 
4 
4 
4 
4 
4 
4 
4 
4 
4 
4 
4 
3 
3 
3 
3 
3 
3 
3 
4 
4 
4 
4 
4 
4 
4 
4 
4 
4 
2 
2 
2 
2 
2 
2 
2 
2 
2 
2 
2 
2 
2 
2 
2 
2 
2 
2 
2 
2 
1 
1 
1 
1 
1 
1 
2 
2 
2 
2 
1 
1 
1 
1 
1 
1 
1 
0 
0 
0 
0 
0 
0 
1 
1 
1 
0 
0 
0 
0 
0 
0 
0 
0 
0 
0 
0 
0 
0 
0 
0 
0 
0 
1 
1 
1 
0 
0 
0 
0 
0 
0 
0 
0 
0 
1 
1 
1 
1 
1 
1 
1 
0 
0 
0 
1 
1 
1 
1 
1 
1 
1 
1 
1 
1 
1 
1 
1 
1 
1 
1 
1 
0 
0 
0 
0 
1 
1 
1 
0 
0 
0 
1 
1 
1 
0 
0 
0 
0 
0 
0 
0 
1 
1 
1 
1 
1 
1 
1 
1 
1 
1 
1 
1 
1 
0 
0 
0 
0 
1 
1 
1 
1 
1 
1 
1 
1 
1 
1 
2 
2 
2 
0 
0 
0 
1 
1 
1 
1 
1 
1 
1 
1 
1 
1 
1 
1 
1 
1 
1 
1 
1 
1 
1 
1 
1 
1 
1 
0 
0 
0 
1 
1 
1 
0 
0 
0 
0 
2 
2 
2 
1 
1 
1 
2 
2 
2 
2 
1 
1 
1 
2 
2 
2 
2 
1 
1 
1 
2 
2 
2 
1 
1 
1 
2 
2 
2 
2 
2 
2 
2 
0 
0 
0 
0 
2 
2 
2 
0 
0 
0 
0 
0 
0 
0 
0 
0 
0 
0 
0 
0 
1 
1 
1 
0 
0 
0 
0 
0 
0 
0 
1 
1 
1 
2 
2 
2 
0 
0 
0 
0 
2 
2 
2 
1 
1 
1 
0 
0 
0 
2 
2 
2 
2 
0 
0 
0 
2 
2 
2 
2 
2 
2 
0 
0 
0 
2 
2 
2 
2 
2 
2 
2 
0 
0 
0 
0 
0 
0 
0 
1 
1 
1 
0 
0 
0 
0 
0 
0 
0 
0 
0 
0 
0 
2 
2 
2 
0 
0 
0 
-1 
-1 
-1 
-1 
-1 
-1 
-1 
-1 
-1 
-1 
-1 
-1 
-1 
-1 
-1 
-1 
0 
0 
0 
0 
0 
0 
0 
0 
0 
0 
0 
0 
0 
0 
0 
0 
0 
0 
0 
0 
0 
0 
0 
2 
2 
2 
-1 
-1 
-1 
-1 
0 
0 
0 
-1 
-1 
-1 
-1 
-1 
-1 
-1 
-1 
-1 
-1 
-1 
-1 
-1 
-1 
-1 
-1 
-1 
-1 
-1 
-1 
0 
0 
0 
0 
0 
0 
0 
0 
0 
0 
0 
0 
0 
0 
0 
0 
0 
0 
0 
0 
0 
0 
0 
0 
0 
0 
0 
0 
0 
0 
2 
2 
2 
0 
0 
0 
0 
0 
0 
0 
0 
0 
0 
0 
0 
0 
0 
0 
0 
0 
0 
0 
0 
0 
0 
0 
0 
0 
0 
0 
0 
0 
0 
0 
0 
0 
0 
0 
0 
-1 
-1 
-1 
0 
0 
0 
0 
0 
0 
0 
0 
0 
0 
0 
0 
0 
0 
0 
0 
0 
0 
0 
0 
0 
0 
0 
0 
0 
0 
0 
-1 
-1 
-1 
0 
0 
0 
0 
0 
0 
0 
0 
0 
0 
0 
0 
0 
0 
0 
0 
0 
0 
0 
0 
0 
0 
0 
0 
-1 
-1 
-1 
0 
0 
0 
0 
0 
0 
0 
0 
0 
-1 
-1 
-1 
-1 
-1 
-1 
-1 
0 
0 
0 
0 
0 
0 
0 
0 
0 
0 
0 
0 
0 
0 
0 
0 
0 
0 
0 
0 
0 
0 
0 
-3 
-3 
-3 
0 
0 
0 
0 
0 
0 
0 
0 
0 
0 
0 
0 
0 
0 
0 
0 
0 
0 
0 
0 
-1 
-1 
-1 
-1 
-1 
-1 
-1 
0 
0 
0 
0 
0 
0 
0 
0 
0 
0 
0 
0 
0 
0 
0 
0 
0 
0 
0 
0 
0 
0 
0 
0 
0 
0 
0 
0 
0 
0 
0 
0 
0 
0 
0 
0 
0 
0 
0 
0 
-1 
-1 
-1 
0 
0 
0 
0 
0 
0 
0 
0 
0 
0 
0 
0 
0 
0 
0 
0 
-1 
-1 
-1 
0 
0 
0 
0 
-1 
-1 
-1 
-1 
-1 
-1 
-1 
-1 
-1 
0 
0 
0 
0 
0 
0 
0 
0 
0 
0 
0 
0 
0 
0 
0 
0 
0 
-1 
-1 
-1 
-1 
-1 
-1 
-1 
-1 
-1 
-1 
0 
0 
0 
-1 
-1 
-1 
0 
0 
0 
0 
0 
0 
0 
1 
1 
1 
2 
2 
2 
2 
0 
0 
0 
1 
1 
1 
1 
0 
0 
0 
0 
0 
0 
1 
1 
1 
1 
0 
0 
0 
0 
0 
0 
-1 
-1 
-1 
1 
1 
1 
0 
0 
0 
0 
0 
0 
0 
0 
0 
0 
0 
0 
0 
0 
0 
0 
0 
0 
0 
0 
0 
0 
0 
0 
0 
0 
0 
0 
0 
0 
0 
0 
0 
0 
0 
0 
0 
0 
0 
0 
0 
0 
0 
0 
0 
0 
0 
0 
0 
0 
-1 
-1 
-1 
-1 
-1 
-1 
0 
0 
0 
0 
0 
0 
0 
0 
0 
0 
0 
0 
0 
0 
0 
0 
0 
0 
0 
0 
0 
0 
0 
0 
0 
0 
0 
0 
0 
0 
0 
0 
0 
0 
0 
0 
0 
0 
0 
0 
-3 
-3 
-3 
0 
0 
0 
0 
0 
0 
0 
0 
0 
0 
0 
0 
0 
0 
0 
0 
0 
0 
0 
0 
0 
0 
0 
0 
0 
0 
0 
1 
1 
1 
0 
0 
0 
0 
-1 
-1 
-1 
0 
0 
0 
-1 
-1 
-1 
0 
0 
0 
-1 
-1 
-1 
-1 
0 
0 
0 
0 
0 
0 
-1 
-1 
-1 
-1 
-1 
-1 
-1 
-1 
-1 
-1 
-1 
-1 
-1 
0 
0 
0 
0 
0 
0 
0 
0 
0 
0 
0 
0 
0 
0 
-1 
-1 
-1 
-1 
-1 
-1 
-1 
-1 
-1 
-1 
-1 
-1 
-1 
-1 
0 
0 
0 
-1 
-1 
-1 
0 
0 
0 
0 
0 
0 
0 
0 
0 
0 
0 
0 
0 
0 
0 
0 
0 
-1 
-1 
-1 
0 
0 
0 
0 
0 
0 
-1 
-1 
-1 
-1 
-1 
-1 
0 
0 
0 
0 
-3 
-3 
-3 
-1 
-1 
-1 
-5 
-5 
-5 
-5 
-3 
-3 
-3 
-6 
-6 
-6 
-3 
-3 
-3 
-3 
-3 
-3 
-3 
-6 
-6 
-6 
-6 
-6 
-6 
-3 
-3 
-3 
-3 
-6 
-6 
-6 
-3 
-3 
-3 
-6 
-6 
-6 
-6 
-1 
-1 
-1 
-5 
-5 
-5 
-3 
-3 
-3 
0 
0 
0 
-3 
-3 
-3 
-3 
-3 
-3 
-3 
-3 
0 
0 
0 
0 
0 
0 
0 
0 
0 
0 
0 
0 
0 
-3 
-3 
-3 
0 
0 
0 
-3 
-3 
-3 
-3 
-5 
-5 
-5 
-5 
-5 
-5 
-6 
-6 
