0 
-132 
-132 
-44 
-44 
-44 
-44 
-44 
-44 
-44 
-44 
-44 
-44 
-44 
-44 
-44 
-44 
-44 
-44 
-44 
-44 
-44 
-44 
-44 
-44 
-44 
-44 
-44 
-44 
-44 
-44 
-44 
-44 
-44 
-44 
-44 
-44 
-44 
-44 
-44 
-44 
-44 
-44 
-44 
-44 
-44 
-44 
-44 
-44 
-44 
-44 
-44 
-44 
-44 
-44 
-44 
-44 
-44 
-44 
-44 
-44 
-44 
-44 
-44 
-44 
-44 
-44 
-44 
-44 
-44 
-44 
-44 
-44 
-44 
-44 
-44 
-44 
-44 
-44 
-44 
-44 
-44 
-44 
-44 
-44 
-44 
-44 
-44 
-44 
-44 
-44 
-44 
-44 
-44 
-44 
-44 
-44 
-44 
-44 
-44 
-44 
-44 
-44 
-44 
-44 
-44 
-44 
-44 
-44 
-44 
-44 
-44 
-44 
-44 
-44 
-44 
-44 
-44 
-44 
-44 
-44 
-44 
-44 
-44 
-44 
-44 
-44 
-44 
-44 
-44 
-44 
-44 
-44 
-44 
-44 
-44 
-44 
-44 
-44 
-44 
-44 
-44 
-44 
-44 
-44 
-44 
-44 
-44 
-44 
-44 
-44 
-44 
-44 
-44 
-44 
-44 
-44 
-44 
-44 
-44 
-44 
-44 
-44 
-44 
-44 
-44 
-44 
-44 
-44 
-44 
-44 
-44 
-44 
-44 
-44 
-44 
-44 
-44 
-44 
-44 
-44 
-44 
-44 
-44 
-44 
-44 
-44 
-44 
-44 
-44 
-44 
-44 
-44 
-44 
-44 
-44 
-44 
-44 
-44 
-44 
-44 
-44 
-44 
-44 
-44 
-44 
-44 
-44 
-44 
-44 
-44 
-44 
-44 
-44 
-44 
-44 
-38 
-38 
-42 
-42 
-6 
-6 
-30 
-30 
-66 
-66 
-42 
-42 
-12 
-12 
-32 
-32 
-20 
-20 
-28 
-28 
-28 
-28 
26 
26 
-10 
-10 
95 
95 
25 
25 
25 
25 
-104 
-104 
-18 
-18 
144 
144 
36 
36 
57 
57 
43 
43 
43 
43 
-182 
-32 
-32 
-32 
-32 
-32 
-32 
-32 
-32 
-32 
-32 
-32 
-32 
-32 
-32 
-32 
-32 
-32 
-32 
-32 
-32 
-32 
-32 
-32 
-32 
-32 
-32 
-32 
-32 
-32 
-32 
-32 
-32 
-32 
-32 
-32 
-32 
-32 
-32 
-32 
-32 
-32 
-32 
-32 
-32 
-32 
-32 
-32 
-32 
-32 
-32 
-32 
-32 
-32 
-32 
-32 
-32 
-32 
-32 
-32 
-32 
-32 
-32 
-32 
-32 
-32 
-32 
-32 
-32 
-32 
-32 
-32 
-32 
-32 
-32 
-32 
-32 
-32 
-32 
-32 
-32 
-32 
-32 
-32 
-32 
-32 
-32 
-32 
-32 
-32 
-32 
-32 
-32 
-32 
-32 
-32 
-32 
-32 
-32 
-32 
-32 
-32 
-32 
-32 
-32 
-32 
-32 
-32 
-32 
-32 
-32 
-32 
-32 
-32 
121 
121 
19 
19 
19 
19 
19 
19 
19 
19 
19 
19 
19 
19 
19 
19 
19 
19 
19 
19 
16 
16 
18 
18 
12 
12 
16 
16 
16 
16 
16 
16 
16 
16 
16 
16 
16 
13 
13 
15 
15 
18 
18 
7 
7 
13 
13 
19 
19 
9 
9 
13 
13 
19 
19 
15 
15 
6 
6 
12 
12 
12 
12 
3 
3 
9 
9 
9 
9 
9 
9 
9 
9 
9 
9 
9 
9 
9 
9 
9 
9 
9 
9 
6 
6 
8 
8 
11 
11 
0 
0 
6 
6 
12 
12 
8 
8 
2 
2 
6 
6 
12 
12 
2 
2 
6 
6 
6 
6 
6 
6 
6 
6 
6 
6 
6 
0 
0 
4 
4 
4 
4 
4 
4 
4 
4 
4 
4 
4 
4 
1 
1 
3 
3 
3 
3 
0 
0 
2 
2 
2 
2 
5 
5 
3 
3 
0 
0 
2 
2 
2 
2 
-1 
-1 
1 
1 
4 
4 
2 
2 
-4 
-4 
6 
6 
2 
2 
2 
2 
2 
2 
-4 
-4 
6 
6 
2 
2 
-1 
-1 
1 
1 
1 
1 
1 
1 
1 
1 
-2 
-2 
0 
0 
3 
1 
1 
-2 
-2 
0 
0 
0 
0 
0 
0 
0 
0 
0 
0 
0 
0 
0 
0 
0 
0 
0 
0 
3 
3 
-2 
-2 
0 
0 
0 
0 
0 
0 
0 
0 
0 
0 
0 
0 
0 
0 
0 
0 
0 
0 
0 
0 
0 
0 
0 
0 
0 
0 
0 
0 
3 
3 
1 
1 
1 
1 
-2 
-2 
0 
0 
0 
0 
0 
0 
0 
0 
0 
0 
0 
0 
0 
0 
0 
0 
0 
0 
0 
0 
0 
0 
0 
0 
0 
0 
0 
0 
0 
0 
0 
0 
0 
0 
0 
0 
0 
0 
0 
0 
0 
0 
0 
0 
0 
0 
0 
0 
0 
0 
0 
0 
0 
0 
0 
0 
0 
0 
0 
0 
0 
0 
0 
0 
0 
0 
0 
0 
0 
3 
3 
-2 
-2 
0 
0 
0 
0 
0 
0 
0 
0 
0 
0 
0 
0 
0 
0 
0 
0 
0 
0 
0 
0 
0 
0 
0 
0 
0 
3 
3 
1 
1 
1 
1 
-2 
-2 
0 
0 
0 
0 
0 
0 
3 
3 
1 
1 
1 
1 
-2 
-2 
0 
0 
0 
0 
3 
3 
1 
1 
-2 
-2 
0 
0 
0 
0 
0 
0 
0 
0 
0 
0 
0 
0 
0 
0 
0 
0 
0 
0 
0 
0 
0 
0 
0 
0 
0 
0 
0 
0 
0 
0 
0 
0 
0 
0 
0 
0 
0 
3 
3 
1 
1 
1 
1 
1 
1 
1 
1 
1 
1 
1 
1 
1 
1 
-2 
-2 
0 
0 
0 
0 
0 
0 
3 
3 
1 
1 
1 
1 
1 
1 
-2 
-2 
0 
0 
0 
0 
0 
0 
3 
3 
1 
1 
-2 
-2 
0 
0 
0 
0 
0 
0 
3 
3 
1 
1 
1 
1 
1 
1 
1 
1 
1 
1 
1 
1 
1 
1 
1 
-2 
-2 
0 
0 
0 
0 
0 
0 
0 
0 
0 
0 
0 
0 
0 
0 
0 
0 
0 
0 
0 
0 
3 
3 
1 
1 
-2 
-2 
0 
0 
0 
0 
0 
0 
3 
3 
-2 
-2 
0 
0 
3 
3 
1 
1 
-2 
-2 
-3 
-3 
-1 
-1 
2 
2 
-3 
-3 
-1 
-1 
2 
2 
0 
0 
0 
0 
-3 
-1 
-1 
-1 
-1 
2 
2 
0 
0 
0 
0 
0 
0 
0 
0 
-3 
-3 
2 
2 
0 
0 
-3 
-3 
-1 
-1 
-1 
-1 
2 
2 
0 
0 
0 
0 
0 
0 
0 
0 
0 
0 
0 
0 
0 
0 
-3 
-3 
-1 
-1 
2 
2 
0 
0 
0 
0 
0 
0 
0 
0 
0 
0 
0 
0 
0 
0 
0 
0 
0 
0 
0 
0 
0 
0 
0 
0 
0 
0 
0 
-3 
-3 
-1 
-1 
2 
2 
0 
0 
0 
0 
-3 
-3 
-1 
-1 
2 
2 
0 
0 
0 
0 
-3 
-3 
-1 
-1 
-1 
-1 
-1 
-1 
-1 
-1 
-1 
-1 
-1 
-1 
2 
2 
0 
0 
0 
0 
-3 
-3 
-1 
-1 
2 
2 
0 
0 
0 
0 
-3 
-3 
-1 
-1 
2 
2 
0 
0 
0 
0 
-3 
-3 
-1 
-1 
-1 
-1 
2 
0 
0 
0 
0 
0 
0 
0 
0 
0 
0 
0 
0 
0 
0 
0 
0 
0 
0 
0 
0 
-3 
-3 
2 
2 
0 
0 
0 
0 
0 
0 
-3 
-3 
-1 
-1 
-1 
-1 
2 
2 
0 
0 
-3 
-3 
-1 
-1 
-1 
-1 
-1 
-1 
-1 
-1 
2 
2 
0 
0 
0 
0 
-3 
-3 
-1 
-1 
-1 
-1 
2 
2 
0 
0 
-3 
-3 
-1 
-1 
-1 
-1 
-1 
-1 
-1 
-1 
-1 
-1 
-1 
-1 
-1 
-1 
-1 
2 
2 
-3 
-3 
-1 
-1 
2 
2 
0 
0 
0 
0 
0 
0 
0 
0 
0 
0 
0 
0 
0 
0 
0 
0 
0 
0 
0 
0 
-3 
-3 
-1 
-1 
-1 
-1 
-1 
-1 
2 
2 
0 
0 
-3 
-3 
-1 
-1 
-1 
-1 
-1 
-1 
-1 
-1 
-1 
-1 
-1 
-1 
-1 
-1 
-1 
-1 
-1 
-1 
-1 
-1 
2 
2 
0 
0 
0 
0 
0 
-3 
-3 
2 
2 
0 
0 
-3 
-3 
-1 
-1 
-1 
-1 
2 
2 
0 
0 
0 
0 
0 
0 
-3 
-3 
2 
2 
0 
0 
-3 
-3 
-1 
-1 
2 
2 
0 
0 
0 
0 
3 
3 
1 
1 
-2 
-2 
3 
3 
1 
1 
1 
1 
-2 
-2 
0 
0 
3 
3 
1 
1 
1 
1 
1 
1 
1 
1 
1 
1 
1 
1 
1 
1 
-2 
-2 
0 
0 
0 
0 
0 
6 
6 
2 
2 
2 
2 
2 
2 
2 
2 
2 
2 
2 
2 
2 
2 
-1 
-1 
1 
1 
4 
4 
2 
2 
2 
2 
-1 
-1 
1 
1 
1 
1 
1 
1 
1 
1 
4 
4 
2 
2 
2 
2 
2 
2 
2 
2 
-4 
-4 
0 
0 
6 
6 
2 
2 
-4 
-4 
3 
3 
1 
1 
4 
4 
2 
2 
-1 
-1 
4 
4 
2 
2 
-4 
-4 
0 
0 
3 
1 
1 
-5 
-5 
-1 
-1 
5 
5 
-2 
-2 
0 
0 
3 
3 
1 
1 
1 
1 
-2 
-2 
0 
0 
3 
3 
-2 
-2 
0 
0 
0 
0 
0 
0 
0 
0 
0 
0 
0 
0 
-3 
-3 
2 
2 
0 
0 
0 
0 
0 
0 
-3 
-3 
2 
2 
0 
0 
0 
0 
0 
0 
0 
0 
0 
0 
0 
0 
0 
0 
0 
0 
0 
0 
0 
0 
0 
0 
0 
0 
0 
0 
0 
0 
0 
0 
0 
-3 
-3 
-1 
-1 
-1 
-1 
-1 
-1 
-1 
-1 
2 
2 
0 
0 
-3 
-3 
-1 
-1 
-1 
-1 
2 
2 
0 
0 
0 
0 
0 
0 
0 
0 
-3 
-3 
-1 
-1 
2 
2 
0 
0 
0 
0 
0 
0 
0 
0 
0 
0 
0 
0 
0 
0 
0 
0 
0 
0 
-3 
-3 
5 
5 
1 
1 
-2 
-2 
0 
0 
-3 
-3 
2 
2 
0 
0 
0 
0 
0 
3 
3 
1 
1 
1 
1 
1 
1 
1 
1 
1 
1 
1 
1 
1 
1 
-2 
-2 
0 
0 
0 
0 
0 
0 
0 
0 
3 
3 
1 
1 
1 
1 
1 
1 
1 
1 
-2 
-2 
0 
0 
3 
3 
1 
1 
-2 
-2 
-3 
-3 
-1 
-1 
5 
5 
1 
1 
-2 
-2 
0 
0 
0 
0 
3 
3 
1 
1 
-2 
-2 
0 
0 
0 
0 
-3 
-3 
-1 
-1 
-1 
-1 
-1 
2 
2 
0 
0 
0 
0 
0 
0 
0 
0 
0 
0 
6 
6 
2 
2 
-4 
-4 
0 
0 
3 
3 
4 
4 
2 
2 
-1 
-1 
1 
1 
1 
1 
1 
1 
1 
1 
1 
1 
1 
1 
1 
1 
1 
1 
1 
1 
1 
1 
1 
1 
-2 
-2 
0 
0 
0 
0 
3 
3 
1 
1 
1 
1 
1 
1 
1 
1 
1 
1 
1 
1 
1 
1 
1 
1 
1 
-2 
-2 
0 
0 
0 
0 
0 
0 
0 
0 
0 
0 
0 
0 
3 
3 
1 
1 
1 
1 
1 
1 
1 
1 
1 
1 
1 
1 
1 
1 
-2 
-2 
0 
0 
0 
0 
0 
0 
0 
0 
0 
0 
0 
0 
0 
0 
0 
0 
0 
0 
3 
3 
1 
1 
1 
1 
1 
1 
1 
1 
1 
1 
-2 
-2 
0 
0 
0 
3 
3 
1 
1 
1 
1 
-2 
-2 
0 
0 
0 
0 
0 
0 
0 
0 
3 
3 
-2 
-2 
0 
0 
0 
0 
0 
0 
0 
0 
0 
0 
0 
0 
0 
0 
0 
0 
0 
0 
-3 
-3 
-1 
-1 
-1 
-1 
-1 
-1 
2 
2 
0 
0 
0 
0 
-3 
-3 
-1 
-1 
-1 
-1 
-1 
-1 
2 
2 
0 
0 
0 
0 
0 
0 
0 
0 
0 
0 
0 
0 
0 
-3 
-3 
-1 
-1 
2 
2 
0 
0 
0 
0 
0 
0 
0 
0 
0 
0 
0 
0 
0 
0 
0 
0 
0 
0 
0 
0 
0 
0 
-3 
-3 
2 
2 
0 
0 
0 
0 
0 
0 
0 
0 
0 
0 
0 
0 
0 
0 
-3 
-3 
-1 
-1 
2 
2 
0 
0 
0 
0 
0 
0 
0 
0 
0 
0 
-3 
-3 
-1 
-1 
2 
2 
0 
0 
0 
0 
0 
0 
0 
0 
0 
0 
0 
0 
-3 
-3 
2 
2 
0 
0 
3 
3 
1 
1 
1 
1 
1 
1 
1 
1 
1 
1 
1 
1 
1 
1 
-2 
-2 
0 
0 
0 
0 
0 
0 
0 
0 
0 
3 
3 
1 
1 
1 
1 
1 
1 
1 
1 
1 
1 
1 
1 
1 
1 
-2 
-2 
0 
0 
3 
3 
1 
1 
1 
1 
-2 
-2 
0 
0 
0 
0 
0 
0 
0 
0 
3 
3 
1 
1 
1 
1 
1 
1 
1 
1 
1 
1 
1 
1 
-2 
-2 
3 
3 
1 
1 
1 
1 
1 
1 
1 
1 
1 
1 
1 
1 
-2 
-2 
0 
0 
0 
0 
0 
0 
0 
0 
3 
3 
1 
1 
1 
1 
1 
1 
1 
1 
1 
1 
1 
1 
-2 
-2 
0 
0 
0 
0 
0 
0 
0 
0 
0 
0 
0 
0 
0 
0 
0 
0 
0 
0 
0 
0 
0 
3 
3 
1 
1 
1 
1 
1 
1 
1 
1 
1 
1 
1 
1 
1 
1 
1 
1 
1 
1 
1 
1 
-2 
-2 
0 
0 
0 
0 
0 
0 
3 
3 
1 
1 
1 
1 
1 
1 
1 
1 
1 
1 
1 
1 
1 
1 
1 
1 
1 
1 
-2 
-2 
3 
3 
1 
1 
-2 
-2 
0 
0 
0 
0 
3 
3 
1 
1 
1 
1 
1 
1 
1 
1 
1 
1 
1 
1 
1 
1 
1 
1 
1 
1 
1 
1 
1 
1 
1 
1 
-2 
-2 
0 
0 
0 
0 
0 
0 
3 
3 
1 
1 
-2 
-2 
0 
0 
0 
0 
3 
1 
1 
1 
1 
1 
1 
1 
1 
-2 
-2 
0 
0 
0 
0 
0 
0 
6 
6 
-4 
-4 
0 
0 
0 
0 
3 
3 
1 
1 
-2 
-2 
0 
0 
0 
0 
0 
0 
0 
0 
3 
3 
1 
1 
-2 
-2 
3 
3 
1 
1 
1 
1 
1 
1 
-2 
-2 
0 
0 
6 
6 
2 
2 
2 
2 
-1 
-1 
1 
1 
1 
1 
1 
1 
1 
1 
-2 
-2 
3 
3 
1 
1 
1 
1 
1 
1 
1 
1 
-2 
-2 
0 
0 
6 
6 
2 
2 
2 
2 
-1 
-1 
1 
1 
1 
1 
1 
1 
1 
1 
4 
4 
2 
2 
-1 
-1 
1 
1 
1 
1 
1 
1 
1 
1 
1 
1 
1 
1 
1 
1 
1 
-2 
-2 
0 
0 
0 
0 
0 
0 
0 
0 
3 
3 
1 
1 
1 
1 
-2 
-2 
0 
0 
3 
3 
4 
4 
2 
2 
-1 
-1 
1 
1 
4 
4 
-1 
-1 
1 
1 
-2 
-2 
0 
0 
0 
0 
0 
0 
0 
0 
3 
3 
1 
1 
1 
1 
1 
1 
1 
1 
1 
1 
1 
1 
1 
1 
1 
1 
1 
1 
1 
1 
1 
1 
1 
1 
-2 
-2 
0 
0 
0 
0 
0 
0 
0 
0 
3 
3 
1 
1 
-5 
-5 
-1 
-1 
-1 
-1 
2 
2 
0 
0 
-3 
-3 
-1 
2 
2 
0 
0 
0 
0 
0 
0 
0 
0 
-3 
-3 
-1 
-1 
-1 
-1 
-1 
-1 
-1 
-1 
-1 
-1 
-1 
-1 
-1 
-1 
-1 
-1 
-1 
-1 
-1 
-1 
-1 
-1 
-1 
-1 
-1 
-1 
-1 
-1 
-1 
-1 
-1 
-1 
-1 
-1 
-1 
-1 
-1 
-1 
-1 
-1 
-1 
-1 
-1 
-1 
-1 
-1 
-1 
-1 
-1 
-1 
-1 
-1 
-1 
-1 
-1 
-1 
-1 
-1 
-7 
-7 
-3 
-3 
-3 
-3 
3 
3 
-1 
-1 
-1 
-1 
-1 
-1 
-1 
-1 
-1 
-1 
-1 
-1 
-1 
-1 
-1 
-1 
-1 
-1 
-1 
-1 
-1 
-1 
-1 
-1 
-1 
-1 
-1 
-1 
-1 
-1 
-1 
-1 
-1 
-1 
-1 
-1 
-1 
-1 
-1 
-1 
-1 
-7 
-7 
-3 
-3 
3 
3 
-1 
-1 
-1 
-1 
-1 
-1 
-1 
-1 
-1 
-1 
-1 
-1 
-1 
-1 
-1 
-1 
-1 
-1 
-1 
-1 
-1 
-1 
-1 
-1 
-1 
-1 
-1 
-1 
-1 
-1 
-1 
-1 
-1 
-1 
2 
2 
0 
0 
0 
0 
0 
0 
0 
0 
0 
0 
0 
0 
-3 
-3 
-1 
-1 
2 
2 
-3 
-3 
-1 
-1 
2 
2 
0 
0 
0 
0 
0 
0 
0 
0 
0 
0 
0 
0 
0 
0 
-9 
-9 
-3 
-3 
-3 
-3 
-3 
-3 
-3 
-3 
-3 
-3 
6 
6 
0 
0 
-9 
-9 
-3 
-3 
6 
6 
-9 
-9 
-3 
-3 
-3 
-3 
-3 
-3 
-3 
-3 
-3 
6 
6 
0 
0 
0 
0 
0 
0 
0 
0 
-15 
-15 
-5 
-5 
7 
7 
-16 
-16 
-6 
-6 
-6 
-6 
-6 
-6 
-3 
-3 
-8 
-8 
-6 
-6 
12 
12 
0 
0 
-3 
-3 
2 
2 
0 
0 
12 
12 
4 
4 
4 
4 
4 
4 
4 
4 
4 
4 
4 
4 
-32 
-32 
13 
13 
-1 
-1 
-28 
-28 
-10 
-10 
38 
38 
-15 
-15 
-1 
-1 
-1 
-1 
-1 
-1 
-1 
-1 
26 
26 
8 
8 
11 
11 
9 
9 
6 
6 
8 
8 
113 
113 
43 
43 
43 
43 
-131 
-131 
-15 
-15 
66 
66 
12 
12 
-69 
-15 
-15 
-102 
-102 
49 
49 
-13 
-13 
-106 
-106 
-44 
-44 
-44 
-44 
124 
124 
12 
12 
105 
105 
43 
43 
43 
43 
43 
43 
43 
43 
-218 
-218 
-44 
-44 
127 
127 
13 
13 
-77 
-77 
70 
70 
12 
12 
105 
105 
43 
43 
-50 
-50 
12 
12 
105 
105 
43 
43 
43 
43 
-50 
-50 
12 
12 
12 
12 
12 
12 
-156 
-156 
-44 
-44 
-44 
-44 
49 
49 
-13 
-13 
-106 
-106 
49 
49 
-13 
-13 
74 
74 
16 
16 
-158 
-158 
-42 
-42 
138 
138 
-81 
-81 
-15 
-15 
-96 
-96 
-42 
-42 
45 
45 
-13 
-13 
-13 
-13 
-13 
-13 
-13 
-13 
-106 
-44 
-44 
-44 
-44 
-44 
-44 
-44 
-44 
-44 
-44 
-44 
-44 
-44 
-44 
-44 
-44 
-44 
-44 
-44 
-44 
73 
73 
-5 
-5 
85 
85 
25 
25 
25 
25 
-59 
-59 
-12 
-12 
-6 
-6 
3 
3 
-3 
-3 
81 
81 
-65 
-65 
-5 
-5 
85 
85 
-50 
-50 
0 
0 
-9 
-9 
3 
3 
-1 
-1 
5 
5 
1 
1 
1 
1 
94 
94 
-61 
-61 
1 
1 
-5 
-5 
-1 
-1 
-1 
-1 
-1 
-1 
-1 
-1 
-1 
-1 
-1 
-1 
-1 
-1 
-1 
-1 
-1 
-1 
-1 
-1 
-1 
-1 
-1 
-1 
-1 
-1 
-1 
-1 
-1 
-1 
-1 
-1 
-1 
-1 
-1 
-1 
-1 
-1 
-1 
-1 
-1 
-1 
-1 
-1 
-1 
-1 
-1 
-1 
-1 
-1 
-1 
-1 
-1 
-1 
-1 
-1 
-1 
-1 
-1 
-1 
-1 
-1 
-1 
-1 
-1 
-1 
-1 
-1 
-1 
-1 
-1 
-1 
-1 
-1 
-1 
-1 
-1 
-1 
-1 
-1 
-1 
-1 
-1 
-1 
-1 
-1 
-1 
-1 
-1 
-1 
-1 
-1 
-1 
-1 
-1 
-1 
-1 
-1 
-1 
-1 
-1 
-1 
-1 
-1 
-1 
-1 
-1 
-1 
-1 
-1 
-1 
-1 
-1 
-1 
-1 
-1 
-1 
-1 
-1 
-1 
-1 
-1 
-1 
-1 
-1 
-1 
-1 
-1 
-1 
-1 
-1 
-1 
-1 
-1 
-1 
-1 
-1 
-1 
-1 
-1 
-1 
-1 
-1 
-1 
-1 
-1 
-1 
-1 
-1 
-1 
-1 
-1 
-1 
-1 
-1 
-1 
-1 
-1 
-1 
-1 
-1 
-1 
-1 
-1 
-1 
-1 
-1 
-1 
-1 
-1 
-1 
-1 
-1 
-1 
-1 
-1 
-1 
-1 
-1 
-1 
-1 
-1 
-1 
-1 
-1 
-1 
-1 
-1 
-1 
-1 
-1 
-1 
-1 
-1 
-1 
-1 
-1 
-1 
-1 
-1 
-1 
-1 
-1 
-1 
-1 
-1 
-1 
-1 
-1 
-1 
-1 
-1 
-1 
-1 
-1 
-1 
-1 
-1 
-1 
-1 
-1 
-1 
-1 
-1 
-1 
-1 
-1 
-1 
-1 
-1 
-1 
-1 
-1 
-1 
-1 
-1 
-1 
-1 
-1 
-1 
-1 
-1 
-1 
-1 
-1 
-1 
-1 
-1 
-1 
-1 
-1 
-1 
-1 
-1 
-1 
-1 
-1 
-1 
-1 
-1 
-1 
-1 
-1 
-1 
-1 
-1 
-1 
-1 
-1 
-1 
-1 
-1 
-1 
-1 
-1 
-1 
-1 
-1 
-1 
-1 
-1 
-1 
-1 
-1 
-1 
-1 
-1 
-1 
-1 
-1 
-1 
-1 
-1 
-1 
-1 
-1 
-1 
-1 
-1 
-1 
-1 
-1 
-1 
-1 
-1 
-1 
-1 
-1 
-1 
-1 
-1 
-1 
-1 
-1 
-1 
-1 
-1 
-1 
-1 
-1 
-1 
-1 
-1 
-1 
-1 
-1 
-1 
-1 
-1 
-1 
-1 
-1 
-1 
-1 
-1 
-1 
-1 
-1 
-1 
-1 
-1 
-1 
-1 
-1 
-1 
-1 
-1 
-1 
-1 
-1 
-1 
-1 
-1 
-1 
-1 
-1 
-1 
-1 
-1 
-1 
-1 
-1 
-1 
-1 
-1 
-1 
-1 
-1 
-1 
-1 
-1 
-1 
-1 
-1 
-1 
-1 
-1 
-1 
-1 
-1 
-1 
-1 
-1 
-1 
-1 
-1 
-1 
-1 
-1 
-1 
-1 
-1 
-1 
-1 
-1 
-1 
-1 
-1 
-1 
-1 
-1 
-1 
-1 
-1 
-1 
-1 
-1 
-1 
-1 
-1 
-1 
-1 
-1 
-1 
-1 
-1 
-1 
-1 
-1 
-1 
-1 
-1 
-1 
-1 
-1 
-1 
-1 
-1 
-1 
-1 
-1 
-1 
-1 
-1 
-1 
-1 
-1 
-1 
-1 
-1 
-1 
-1 
-1 
-1 
-1 
-1 
-1 
-1 
-1 
-1 
-1 
-1 
-1 
-1 
-1 
-1 
-1 
-1 
-1 
-1 
-1 
-1 
-1 
-1 
-1 
-1 
-1 
-1 
-1 
-1 
-1 
-1 
-1 
-1 
-1 
-1 
-1 
-1 
-1 
-1 
-1 
-1 
-1 
-1 
-1 
-1 
-1 
-1 
-1 
-1 
-1 
-1 
-1 
-1 
-1 
-1 
-1 
-1 
-1 
-1 
-1 
-1 
-1 
-1 
-1 
-1 
-1 
-1 
-1 
-1 
-1 
-1 
-1 
-1 
-1 
-1 
-1 
-1 
-1 
-1 
-1 
-1 
-1 
-1 
-1 
-1 
-1 
-1 
-1 
-1 
-1 
-1 
-1 
-1 
-1 
-1 
-1 
-1 
-1 
-1 
-1 
-1 
-1 
-1 
-1 
-1 
-1 
-1 
-1 
-1 
-1 
-1 
-1 
-1 
-1 
-1 
-1 
-1 
-1 
-1 
-1 
-1 
-1 
-1 
-1 
-1 
-1 
-1 
-1 
-1 
-1 
-1 
-1 
-1 
-1 
-1 
-1 
-1 
-1 
-1 
-1 
-1 
-1 
-1 
-1 
-1 
-1 
-1 
-1 
-1 
-1 
-1 
-1 
-1 
-1 
-1 
-1 
-1 
-1 
-1 
-1 
-1 
-1 
-1 
-1 
-1 
-1 
-1 
-1 
-1 
-1 
-1 
-1 
-1 
-1 
-1 
-1 
-1 
-1 
-1 
-1 
-1 
-1 
-1 
-1 
-1 
-1 
-1 
-1 
-1 
-1 
-1 
-1 
-1 
-1 
-1 
-1 
-1 
-1 
-1 
-1 
-1 
-1 
-1 
-1 
-1 
-1 
-1 
-1 
-1 
-1 
-1 
-1 
-1 
-1 
-1 
-1 
-1 
-1 
-1 
-1 
-1 
-1 
-1 
-1 
-1 
-1 
-1 
-1 
-1 
-1 
-1 
-1 
-1 
-1 
-1 
-1 
-1 
-1 
-1 
-1 
-1 
-1 
-1 
-1 
-1 
2 
2 
0 
0 
0 
0 
27 
27 
9 
9 
9 
9 
9 
9 
9 
-63 
-63 
-15 
-15 
-15 
-15 
-66 
-66 
-32 
-32 
-32 
-32 
-32 
-32 
4 
4 
-20 
-20 
-20 
-20 
10 
10 
-10 
-10 
-10 
-10 
-10 
-10 
116 
116 
32 
32 
32 
32 
32 
32 
-97 
-97 
-11 
-11 
-11 
-11 
121 
121 
33 
33 
33 
33 
33 
33 
30 
30 
32 
32 
32 
32 
32 
32 
-82 
-82 
-6 
-6 
-6 
-6 
120 
120 
36 
36 
36 
36 
36 
36 
30 
30 
34 
34 
34 
34 
34 
34 
16 
16 
28 
28 
28 
28 
40 
40 
32 
32 
32 
32 
32 
32 
-37 
-37 
9 
9 
9 
9 
9 
9 
90 
90 
36 
36 
36 
36 
36 
-42 
-42 
10 
10 
10 
10 
10 
10 
-53 
-53 
-11 
-11 
-11 
-11 
-11 
-11 
130 
130 
36 
36 
36 
36 
-147 
-147 
-25 
-25 
-25 
-25 
-25 
-25 
98 
98 
16 
16 
16 
16 
16 
16 
25 
25 
19 
19 
19 
19 
19 
19 
37 
37 
25 
25 
25 
25 
25 
25 
-14 
-14 
12 
12 
12 
12 
12 
12 
51 
51 
25 
25 
25 
25 
25 
25 
13 
13 
21 
21 
21 
21 
24 
24 
22 
22 
22 
22 
22 
22 
1 
1 
15 
15 
15 
15 
15 
15 
87 
87 
39 
39 
39 
39 
39 
39 
-6 
-6 
24 
24 
24 
24 
24 
33 
33 
27 
27 
27 
27 
27 
27 
42 
42 
32 
32 
32 
32 
32 
32 
-1 
-1 
21 
21 
21 
21 
21 
21 
39 
39 
27 
27 
27 
27 
27 
27 
48 
48 
34 
34 
34 
34 
34 
34 
