0 
54 
54 
18 
18 
18 
18 
18 
18 
84 
84 
40 
40 
40 
40 
40 
40 
-5 
-5 
25 
25 
25 
25 
25 
25 
-2 
16 
16 
16 
16 
16 
16 
16 
16 
16 
16 
16 
16 
16 
16 
49 
49 
27 
27 
27 
27 
27 
27 
-186 
-186 
-44 
-44 
-44 
-44 
-44 
-44 
151 
151 
21 
21 
21 
21 
21 
21 
78 
78 
40 
40 
40 
40 
40 
40 
-8 
-8 
24 
24 
24 
24 
24 
24 
18 
18 
22 
22 
22 
22 
22 
22 
-32 
-32 
4 
4 
4 
4 
4 
4 
19 
19 
9 
9 
9 
9 
9 
9 
60 
60 
26 
26 
26 
26 
26 
26 
23 
23 
25 
25 
25 
25 
25 
25 
13 
13 
21 
21 
21 
21 
21 
3 
3 
15 
15 
15 
15 
15 
15 
33 
33 
21 
21 
21 
21 
21 
21 
54 
54 
32 
32 
32 
32 
32 
32 
-1 
-1 
21 
21 
21 
21 
21 
21 
39 
39 
27 
27 
27 
27 
27 
27 
-9 
-9 
15 
15 
15 
15 
15 
15 
6 
6 
12 
12 
12 
12 
84 
84 
36 
36 
36 
36 
36 
36 
-45 
-45 
9 
9 
9 
9 
9 
9 
90 
90 
36 
36 
36 
36 
36 
36 
-15 
-15 
19 
19 
19 
19 
19 
28 
28 
22 
22 
22 
22 
22 
22 
46 
46 
30 
30 
30 
30 
30 
30 
48 
48 
36 
36 
36 
36 
48 
48 
40 
40 
40 
40 
-170 
-170 
-30 
-30 
-30 
-30 
96 
96 
12 
12 
6 
6 
10 
10 
10 
10 
10 
10 
10 
10 
10 
10 
10 
10 
10 
10 
10 
10 
10 
10 
10 
10 
10 
10 
10 
10 
10 
10 
10 
10 
10 
10 
10 
10 
10 
10 
10 
10 
10 
10 
10 
10 
10 
10 
10 
10 
10 
10 
10 
10 
10 
10 
10 
10 
10 
10 
10 
10 
10 
10 
10 
10 
10 
10 
10 
10 
10 
10 
10 
10 
10 
10 
10 
10 
10 
10 
10 
10 
10 
10 
10 
10 
10 
10 
10 
10 
10 
10 
10 
10 
10 
10 
10 
10 
10 
10 
10 
10 
10 
10 
10 
10 
10 
10 
10 
10 
10 
10 
10 
10 
10 
10 
10 
10 
10 
10 
10 
10 
10 
10 
10 
46 
46 
22 
22 
19 
19 
24 
24 
22 
22 
28 
28 
24 
24 
18 
18 
22 
22 
22 
22 
28 
28 
24 
24 
18 
18 
19 
19 
21 
21 
21 
21 
21 
21 
15 
15 
25 
25 
21 
21 
21 
21 
21 
21 
15 
15 
19 
19 
19 
19 
19 
19 
19 
19 
10 
10 
16 
16 
16 
16 
13 
13 
15 
15 
15 
15 
15 
9 
9 
13 
13 
13 
13 
10 
10 
12 
12 
12 
12 
6 
6 
10 
10 
10 
10 
10 
10 
7 
7 
9 
9 
9 
9 
9 
9 
9 
9 
9 
9 
6 
6 
8 
8 
8 
8 
8 
8 
11 
11 
9 
9 
0 
0 
6 
6 
6 
6 
6 
6 
6 
6 
6 
6 
6 
6 
6 
6 
6 
6 
6 
6 
6 
6 
6 
6 
6 
6 
0 
0 
1 
1 
3 
3 
6 
6 
4 
4 
4 
4 
4 
4 
4 
4 
-2 
-2 
8 
8 
4 
4 
1 
1 
3 
3 
-3 
-3 
4 
4 
2 
2 
-1 
-1 
1 
1 
1 
1 
-2 
0 
0 
0 
0 
3 
3 
-2 
-2 
0 
0 
0 
0 
0 
0 
0 
0 
0 
0 
0 
0 
0 
0 
0 
0 
0 
0 
0 
0 
0 
0 
0 
0 
0 
0 
3 
3 
-2 
-2 
0 
0 
3 
3 
1 
1 
-2 
-2 
0 
0 
0 
0 
3 
3 
1 
1 
-2 
-2 
0 
0 
0 
0 
0 
0 
3 
3 
1 
1 
1 
1 
1 
1 
1 
1 
1 
1 
1 
1 
1 
1 
1 
1 
-2 
-2 
3 
3 
1 
1 
1 
1 
1 
1 
1 
1 
1 
1 
1 
1 
1 
1 
1 
1 
1 
1 
1 
1 
1 
1 
1 
1 
1 
1 
1 
1 
1 
1 
1 
1 
1 
1 
1 
4 
4 
2 
2 
2 
2 
2 
2 
2 
2 
2 
2 
2 
2 
2 
2 
2 
2 
2 
2 
2 
2 
2 
2 
2 
2 
2 
2 
2 
2 
2 
2 
2 
2 
2 
2 
-1 
-1 
1 
1 
1 
1 
1 
1 
1 
1 
4 
4 
2 
2 
-1 
-1 
1 
1 
1 
1 
1 
1 
1 
1 
-2 
-2 
0 
0 
3 
3 
1 
1 
1 
1 
1 
1 
1 
1 
1 
1 
1 
1 
1 
1 
1 
1 
1 
1 
1 
1 
1 
1 
1 
1 
1 
1 
1 
1 
1 
1 
1 
1 
1 
1 
1 
1 
1 
1 
1 
1 
1 
-2 
-2 
3 
3 
1 
1 
-2 
-2 
0 
0 
3 
3 
1 
1 
1 
1 
-2 
-2 
0 
0 
3 
3 
1 
1 
1 
1 
-2 
-2 
0 
0 
0 
0 
0 
0 
0 
0 
0 
0 
0 
0 
0 
0 
0 
0 
0 
0 
0 
0 
0 
0 
0 
0 
0 
0 
0 
0 
3 
3 
-2 
-2 
0 
0 
0 
0 
0 
0 
3 
3 
-2 
-2 
0 
0 
0 
0 
0 
0 
3 
3 
1 
1 
-2 
-2 
0 
0 
0 
0 
3 
3 
1 
1 
-2 
-2 
0 
0 
0 
0 
0 
0 
0 
0 
0 
0 
0 
0 
0 
0 
0 
0 
0 
0 
0 
0 
0 
0 
0 
3 
3 
1 
1 
-2 
-2 
0 
0 
0 
0 
0 
0 
0 
0 
0 
0 
0 
0 
0 
0 
3 
3 
1 
1 
-2 
-2 
3 
3 
1 
1 
1 
1 
1 
1 
-2 
-2 
0 
0 
0 
0 
0 
0 
0 
0 
3 
3 
-2 
-2 
0 
0 
0 
0 
0 
0 
0 
0 
3 
3 
1 
1 
1 
1 
1 
1 
-2 
-2 
0 
0 
0 
0 
0 
0 
0 
0 
3 
3 
-2 
-2 
0 
0 
0 
0 
0 
0 
0 
0 
0 
0 
0 
0 
0 
0 
0 
0 
0 
0 
0 
0 
0 
0 
0 
0 
0 
0 
0 
0 
0 
0 
0 
0 
0 
0 
0 
0 
0 
0 
0 
0 
0 
0 
0 
0 
0 
0 
0 
0 
0 
0 
0 
0 
0 
0 
0 
0 
0 
0 
0 
0 
0 
0 
0 
0 
0 
0 
0 
0 
0 
0 
0 
0 
0 
0 
0 
-3 
-3 
-1 
-1 
-1 
-1 
-1 
-1 
-1 
-1 
-1 
-1 
-1 
-1 
-1 
-1 
-1 
-1 
-1 
-1 
-1 
-1 
-1 
-1 
-1 
-1 
-1 
-1 
-1 
-1 
-1 
-1 
-1 
-1 
-1 
-1 
-1 
-1 
-1 
-1 
-1 
-1 
-1 
-1 
-1 
-1 
-1 
-1 
-1 
-1 
-1 
-1 
-1 
-1 
-1 
-1 
-1 
-1 
-1 
-1 
-1 
-1 
-1 
-1 
-1 
-1 
-1 
-1 
-1 
-1 
-1 
-1 
-1 
-130 
-130 
-44 
-44 
85 
85 
-130 
-130 
-44 
-44 
-44 
-44 
-44 
-44 
-44 
-44 
88 
88 
0 
0 
6 
6 
2 
2 
2 
2 
-7 
-7 
-1 
-1 
2 
2 
0 
0 
-132 
-132 
-44 
-44 
-44 
-44 
-44 
-44 
-44 
-44 
-44 
-44 
-44 
-44 
-44 
-44 
100 
100 
4 
4 
1 
1 
-3 
-3 
1 
1 
7 
7 
3 
3 
0 
0 
-136 
-136 
-44 
-44 
-44 
-44 
-44 
-44 
-44 
-44 
217 
217 
43 
43 
-62 
-62 
2 
2 
6 
6 
6 
6 
6 
6 
6 
6 
6 
6 
-9 
-9 
1 
1 
7 
3 
3 
12 
12 
6 
6 
6 
6 
6 
6 
6 
6 
6 
6 
6 
6 
6 
6 
6 
6 
6 
6 
6 
6 
0 
0 
4 
4 
10 
10 
6 
6 
6 
6 
6 
6 
6 
6 
6 
6 
0 
0 
4 
4 
4 
4 
4 
4 
4 
4 
4 
4 
4 
4 
4 
4 
4 
4 
4 
4 
4 
4 
4 
4 
4 
4 
4 
4 
4 
4 
4 
4 
4 
4 
4 
4 
1 
1 
3 
3 
6 
6 
-2 
-2 
2 
2 
5 
5 
3 
3 
3 
3 
3 
3 
3 
3 
0 
0 
2 
2 
5 
5 
3 
3 
3 
3 
3 
3 
3 
3 
3 
3 
3 
3 
3 
3 
3 
3 
3 
3 
3 
3 
3 
0 
0 
2 
2 
2 
2 
2 
2 
2 
2 
-4 
-4 
0 
0 
0 
0 
6 
6 
2 
2 
-4 
-4 
0 
0 
0 
0 
6 
6 
2 
2 
-1 
-1 
1 
1 
4 
4 
2 
2 
2 
2 
-1 
-1 
-2 
-2 
0 
0 
3 
3 
1 
1 
-2 
-2 
0 
0 
0 
0 
-3 
-3 
-1 
-1 
2 
2 
0 
0 
0 
0 
-3 
-3 
-1 
-1 
2 
2 
0 
0 
0 
0 
0 
0 
0 
0 
0 
0 
0 
0 
0 
0 
0 
0 
0 
0 
0 
0 
0 
0 
0 
0 
0 
0 
0 
0 
0 
0 
0 
0 
0 
0 
0 
0 
0 
0 
0 
0 
0 
-3 
-3 
-1 
-1 
-1 
-1 
-1 
-1 
-1 
-1 
2 
2 
0 
0 
0 
0 
0 
0 
0 
0 
-3 
-3 
2 
2 
0 
0 
-3 
-3 
-1 
-1 
2 
2 
0 
0 
0 
0 
0 
0 
0 
0 
0 
0 
0 
0 
0 
0 
-3 
-3 
-1 
-1 
2 
2 
0 
0 
0 
0 
0 
0 
0 
0 
0 
0 
0 
0 
0 
0 
6 
6 
2 
2 
-4 
-4 
0 
0 
-132 
-132 
-44 
-44 
-44 
-44 
-44 
-44 
-44 
-44 
-44 
-44 
88 
88 
0 
0 
0 
0 
0 
0 
0 
0 
0 
0 
0 
0 
0 
0 
0 
0 
0 
3 
3 
1 
1 
-2 
-2 
0 
0 
0 
0 
0 
0 
0 
0 
0 
0 
0 
0 
0 
0 
0 
0 
0 
0 
0 
0 
0 
0 
0 
0 
0 
0 
0 
0 
0 
0 
0 
0 
0 
0 
0 
0 
0 
0 
-3 
-3 
-1 
-1 
-1 
-1 
-1 
-1 
-1 
-1 
-1 
-1 
-1 
-1 
2 
2 
0 
0 
0 
0 
-3 
-3 
-1 
-1 
-1 
-1 
-1 
-1 
-1 
-1 
2 
2 
0 
0 
-3 
-3 
-1 
-1 
-1 
-1 
-1 
-1 
2 
2 
0 
0 
0 
0 
0 
0 
-3 
-3 
2 
0 
0 
0 
0 
-3 
-3 
-1 
-1 
-1 
-1 
-1 
-1 
-1 
-1 
-1 
-1 
-1 
-1 
-1 
-1 
-1 
-1 
-1 
-1 
-1 
-1 
-1 
-1 
-1 
-1 
-1 
-1 
-1 
-1 
-1 
-1 
-1 
-1 
-1 
-1 
-1 
-1 
2 
2 
0 
0 
-3 
-3 
-1 
-1 
-1 
-1 
-1 
-1 
-1 
-1 
-1 
-1 
-1 
-1 
-1 
-1 
-1 
-1 
-1 
-1 
-1 
-1 
-1 
-1 
-1 
-1 
-1 
-1 
-1 
-1 
-1 
-1 
-1 
-1 
-1 
-1 
-1 
-1 
-1 
-1 
-1 
-1 
-1 
-1 
-1 
-1 
-1 
-1 
-1 
-1 
-1 
-1 
-1 
-1 
-1 
-1 
-1 
-1 
-1 
-1 
-1 
-1 
-1 
-1 
-1 
-1 
-1 
-1 
-1 
-1 
-1 
-1 
-1 
-1 
-1 
-1 
-1 
-1 
-1 
-1 
-1 
-1 
-1 
-1 
-1 
-1 
-1 
-1 
-1 
-1 
-1 
-1 
-1 
-1 
-1 
-1 
-1 
-1 
-1 
-1 
-1 
-1 
-1 
-1 
-1 
-1 
-1 
-1 
-1 
-1 
-1 
-1 
-1 
-1 
-1 
-1 
-1 
-1 
-1 
-1 
-1 
-1 
-1 
-1 
-1 
-1 
-1 
-1 
-1 
-1 
-1 
-1 
-1 
-1 
-1 
-1 
-1 
-1 
-1 
2 
2 
0 
0 
-3 
-3 
-1 
-1 
-1 
-1 
-1 
-1 
-1 
-1 
2 
2 
0 
0 
-3 
-3 
-1 
-1 
-1 
-1 
-1 
-1 
-1 
-1 
-1 
-1 
-1 
-1 
2 
2 
-3 
-3 
-1 
-1 
-1 
-1 
2 
0 
0 
0 
0 
0 
0 
-3 
-3 
-1 
-1 
-1 
-1 
-1 
-1 
-1 
-1 
2 
2 
-3 
-3 
-1 
-1 
-1 
-1 
-1 
-1 
-1 
-1 
-1 
-1 
-7 
-7 
3 
3 
-1 
-1 
-1 
-1 
-1 
-1 
-1 
-1 
-1 
-1 
-1 
-1 
-1 
-1 
-1 
-1 
-1 
-1 
-1 
-1 
-1 
-1 
-1 
-1 
-1 
-1 
-7 
-7 
-3 
-3 
-3 
-3 
3 
3 
2 
2 
0 
0 
-3 
-3 
-1 
-1 
-1 
-1 
-1 
-1 
-1 
-1 
-1 
-1 
-1 
-1 
2 
2 
-3 
-3 
-1 
-1 
2 
2 
0 
0 
0 
0 
-3 
-3 
-1 
-1 
-1 
-1 
-1 
-1 
-1 
-1 
-1 
-1 
-1 
-1 
-1 
-1 
-1 
-7 
-7 
-3 
-3 
-3 
-3 
-3 
-3 
-3 
-3 
-3 
-3 
-3 
-3 
-3 
-3 
-3 
-3 
-3 
-3 
-3 
-3 
-3 
-3 
-3 
-3 
-3 
-3 
3 
3 
2 
2 
0 
0 
-3 
-3 
2 
2 
0 
0 
0 
0 
0 
0 
3 
3 
4 
4 
2 
2 
2 
2 
2 
2 
-1 
-1 
1 
1 
1 
1 
-2 
-2 
0 
0 
0 
0 
-3 
-3 
-1 
-1 
2 
2 
0 
0 
0 
0 
0 
0 
0 
0 
-3 
-3 
-1 
-1 
2 
2 
-9 
-9 
-3 
-3 
3 
3 
-1 
-1 
-7 
-7 
-3 
-3 
-3 
-3 
-3 
-3 
-3 
-3 
3 
3 
-1 
-1 
-1 
2 
2 
0 
0 
-3 
-3 
-1 
-1 
-1 
-1 
8 
8 
2 
2 
-4 
-4 
0 
0 
0 
0 
-3 
-3 
-1 
-1 
2 
2 
0 
0 
6 
6 
-1 
-1 
1 
1 
-2 
-2 
0 
0 
6 
6 
-4 
-4 
0 
0 
0 
0 
0 
0 
0 
0 
6 
6 
2 
2 
-4 
-4 
0 
0 
0 
0 
0 
0 
0 
0 
0 
0 
0 
0 
-3 
-3 
-1 
-1 
-1 
-1 
2 
2 
6 
6 
2 
2 
-7 
-7 
-1 
-1 
2 
2 
0 
0 
0 
0 
0 
0 
0 
0 
0 
0 
9 
9 
3 
3 
-3 
-3 
1 
1 
-2 
-2 
0 
0 
0 
0 
3 
3 
1 
10 
10 
4 
4 
-8 
-8 
0 
0 
-3 
-3 
-1 
-1 
-1 
-1 
-1 
-1 
-1 
-1 
-1 
-1 
-1 
-1 
-1 
-1 
-1 
-1 
-1 
-1 
-1 
-1 
-1 
-1 
-1 
-1 
-1 
-1 
-1 
-1 
-1 
-1 
-1 
-1 
-1 
-1 
-1 
-1 
-1 
-1 
-1 
-1 
-1 
-1 
-1 
-1 
-1 
-1 
-1 
-1 
-1 
-1 
-1 
-1 
-1 
-1 
-1 
-1 
-1 
-1 
-1 
-1 
-1 
-1 
-1 
-1 
-1 
-1 
-1 
-1 
-1 
-1 
-1 
-1 
-1 
-1 
-1 
-1 
-1 
-1 
-1 
-1 
-1 
-1 
-1 
-1 
-1 
-1 
-1 
-1 
-1 
-1 
-1 
-1 
-1 
-1 
-1 
-1 
-1 
-1 
-1 
-1 
-1 
-1 
-1 
-1 
-1 
-1 
-1 
-1 
-1 
-1 
-1 
-1 
-1 
-1 
-1 
-1 
-1 
-1 
-1 
-1 
-1 
-1 
-1 
-1 
-1 
-1 
-1 
-1 
-1 
-1 
-1 
-1 
-1 
-1 
-1 
-1 
-1 
-1 
-1 
-1 
-1 
-1 
-1 
-1 
-1 
-1 
-1 
-1 
-1 
-1 
-1 
-1 
-1 
-1 
-1 
-1 
-1 
-1 
-1 
-1 
-1 
-1 
-1 
-1 
-1 
-1 
-1 
-1 
-1 
-1 
-1 
-1 
-1 
-1 
-1 
-1 
-1 
-1 
-1 
-1 
-1 
-1 
-1 
-1 
-1 
-1 
-1 
-1 
-1 
-1 
-1 
-1 
-1 
-1 
-1 
-1 
-1 
-1 
-1 
-1 
-1 
-1 
-1 
-1 
-1 
-1 
-1 
-1 
-1 
-1 
-1 
-1 
-1 
-1 
-1 
-1 
-1 
-1 
-1 
-1 
-1 
-1 
-1 
-1 
-1 
-1 
-1 
-1 
-1 
-1 
-1 
-1 
-1 
-1 
-1 
-1 
-1 
-1 
-1 
-1 
-1 
-1 
-1 
-1 
-1 
-1 
-1 
-1 
-1 
-1 
-1 
-1 
-1 
-1 
-1 
-1 
-1 
-1 
-1 
-1 
-1 
-1 
-1 
-1 
-1 
-1 
-1 
-1 
-1 
-1 
-1 
-1 
-1 
-1 
-1 
-1 
-1 
-1 
-1 
-1 
-1 
-1 
-7 
-7 
-3 
-3 
-3 
-3 
-3 
-3 
6 
6 
-9 
-9 
-3 
-3 
-3 
-3 
6 
6 
0 
0 
-9 
-9 
-3 
-3 
6 
6 
-9 
-9 
-3 
-3 
-3 
-3 
-3 
-3 
-3 
-3 
-3 
-3 
-3 
-3 
6 
6 
0 
0 
0 
0 
0 
0 
-9 
-9 
-3 
-3 
-3 
-3 
6 
6 
0 
0 
0 
0 
0 
0 
0 
3 
3 
1 
1 
1 
1 
1 
1 
7 
7 
12 
12 
6 
6 
6 
6 
6 
6 
0 
0 
4 
4 
16 
16 
8 
8 
8 
8 
8 
8 
8 
8 
8 
8 
11 
11 
9 
9 
18 
18 
-6 
-6 
6 
6 
33 
33 
15 
15 
0 
0 
16 
16 
12 
12 
12 
12 
3 
3 
9 
9 
12 
12 
10 
10 
10 
10 
10 
10 
10 
10 
25 
25 
15 
15 
15 
15 
15 
15 
15 
15 
15 
15 
15 
15 
24 
24 
0 
0 
12 
12 
24 
24 
16 
16 
4 
4 
12 
12 
12 
12 
12 
12 
6 
6 
10 
10 
19 
19 
13 
19 
19 
15 
15 
6 
6 
12 
12 
12 
12 
12 
12 
12 
12 
12 
12 
12 
12 
12 
12 
21 
21 
15 
15 
6 
6 
12 
12 
12 
12 
12 
12 
12 
12 
21 
21 
15 
15 
18 
18 
4 
4 
12 
12 
24 
24 
16 
16 
4 
4 
21 
21 
15 
15 
18 
18 
16 
16 
4 
4 
12 
12 
12 
12 
12 
12 
12 
12 
12 
12 
24 
24 
16 
16 
4 
4 
12 
12 
12 
12 
21 
21 
15 
15 
6 
6 
21 
21 
15 
15 
6 
6 
12 
12 
12 
12 
12 
12 
12 
12 
24 
24 
16 
16 
16 
16 
4 
4 
12 
12 
12 
12 
12 
12 
12 
12 
12 
12 
12 
12 
12 
12 
12 
12 
12 
12 
12 
12 
12 
12 
12 
12 
12 
24 
24 
16 
16 
13 
13 
15 
15 
15 
15 
15 
15 
15 
15 
15 
15 
6 
6 
12 
12 
12 
12 
12 
12 
21 
21 
15 
15 
15 
15 
15 
15 
15 
15 
15 
15 
15 
15 
6 
6 
15 
15 
13 
13 
10 
10 
12 
12 
12 
12 
24 
24 
16 
16 
4 
4 
12 
12 
24 
24 
4 
4 
12 
12 
24 
24 
4 
4 
12 
12 
21 
21 
15 
15 
18 
18 
31 
31 
21 
21 
3 
3 
15 
15 
27 
27 
10 
16 
16 
16 
16 
16 
16 
16 
16 
16 
16 
16 
16 
13 
13 
15 
15 
18 
18 
16 
16 
16 
16 
16 
16 
16 
16 
16 
16 
16 
16 
16 
16 
16 
16 
16 
16 
25 
25 
19 
19 
19 
19 
19 
19 
19 
19 
19 
19 
19 
19 
19 
19 
19 
19 
19 
19 
19 
19 
19 
19 
19 
19 
19 
19 
19 
19 
19 
19 
19 
19 
19 
19 
19 
19 
19 
19 
19 
19 
19 
19 
19 
19 
19 
19 
19 
19 
19 
19 
19 
19 
19 
19 
19 
19 
19 
19 
19 
19 
19 
19 
19 
19 
19 
19 
19 
19 
19 
19 
19 
19 
19 
19 
19 
19 
19 
19 
19 
19 
19 
19 
19 
19 
19 
19 
19 
19 
19 
19 
19 
19 
19 
19 
19 
19 
19 
19 
19 
19 
19 
19 
19 
19 
19 
19 
19 
19 
19 
19 
19 
19 
19 
19 
19 
19 
19 
19 
19 
19 
19 
19 
19 
19 
19 
19 
19 
19 
19 
19 
19 
19 
19 
19 
19 
19 
19 
19 
19 
19 
19 
19 
19 
19 
19 
19 
19 
19 
19 
19 
19 
19 
19 
19 
19 
19 
19 
19 
19 
19 
19 
19 
19 
19 
19 
19 
19 
19 
19 
19 
19 
19 
19 
19 
19 
19 
19 
19 
19 
19 
19 
19 
19 
19 
19 
19 
19 
19 
19 
19 
19 
19 
19 
19 
19 
19 
19 
19 
19 
19 
19 
19 
19 
19 
19 
19 
19 
19 
19 
19 
19 
19 
19 
19 
19 
19 
19 
19 
19 
19 
19 
19 
19 
19 
19 
19 
19 
19 
19 
19 
19 
19 
19 
19 
19 
19 
19 
19 
19 
19 
19 
19 
19 
19 
19 
19 
19 
19 
19 
19 
19 
19 
19 
19 
19 
19 
19 
19 
19 
19 
19 
19 
19 
19 
19 
19 
19 
19 
19 
19 
19 
19 
19 
19 
19 
19 
19 
19 
19 
19 
19 
19 
19 
19 
19 
19 
19 
19 
19 
19 
19 
19 
19 
19 
19 
19 
19 
19 
19 
19 
19 
19 
19 
19 
19 
19 
19 
19 
19 
19 
19 
19 
19 
19 
19 
19 
19 
19 
19 
19 
19 
19 
19 
19 
19 
19 
19 
19 
19 
19 
19 
19 
19 
19 
19 
19 
19 
19 
19 
19 
19 
19 
19 
19 
19 
19 
19 
19 
19 
19 
19 
19 
19 
19 
19 
19 
19 
19 
19 
19 
19 
19 
19 
19 
19 
19 
19 
19 
19 
19 
19 
19 
19 
19 
19 
19 
19 
19 
19 
19 
19 
19 
19 
19 
19 
19 
19 
19 
19 
19 
19 
19 
19 
19 
19 
19 
19 
19 
19 
19 
19 
19 
19 
19 
19 
19 
19 
19 
19 
19 
19 
19 
19 
19 
19 
19 
19 
19 
19 
19 
19 
19 
19 
19 
19 
19 
19 
19 
19 
19 
19 
19 
19 
19 
19 
19 
19 
19 
19 
19 
19 
19 
19 
19 
19 
19 
19 
19 
19 
19 
19 
19 
19 
19 
19 
19 
19 
19 
19 
19 
19 
19 
19 
19 
19 
19 
19 
19 
19 
19 
19 
19 
19 
19 
19 
19 
19 
19 
19 
19 
19 
19 
19 
19 
19 
19 
19 
19 
19 
19 
19 
19 
19 
19 
19 
19 
19 
19 
19 
19 
19 
19 
19 
19 
19 
19 
19 
19 
19 
19 
19 
19 
19 
19 
19 
19 
19 
19 
19 
19 
19 
19 
19 
19 
19 
19 
19 
19 
19 
19 
19 
19 
19 
19 
19 
19 
19 
19 
19 
19 
19 
19 
19 
19 
19 
19 
19 
19 
19 
19 
19 
19 
19 
19 
19 
19 
19 
19 
19 
19 
19 
19 
19 
19 
19 
19 
19 
19 
19 
19 
19 
19 
19 
19 
19 
19 
19 
19 
19 
19 
19 
19 
19 
19 
19 
19 
19 
19 
19 
19 
19 
19 
19 
19 
19 
19 
19 
19 
19 
19 
19 
19 
19 
19 
19 
19 
19 
19 
19 
19 
19 
19 
19 
19 
19 
19 
19 
19 
19 
19 
19 
19 
19 
19 
19 
19 
19 
19 
19 
19 
19 
19 
19 
19 
19 
19 
19 
19 
19 
19 
19 
19 
19 
19 
19 
19 
19 
19 
19 
19 
19 
19 
19 
19 
19 
19 
19 
19 
19 
19 
19 
19 
19 
19 
19 
19 
19 
19 
19 
19 
19 
19 
19 
19 
19 
19 
19 
19 
19 
19 
19 
19 
19 
19 
19 
19 
19 
19 
19 
19 
19 
19 
19 
19 
19 
19 
19 
19 
19 
19 
19 
19 
19 
19 
19 
19 
19 
19 
19 
19 
19 
19 
19 
19 
19 
19 
-98 
-20 
-20 
-20 
-20 
-20 
-20 
58 
58 
6 
6 
6 
6 
0 
0 
4 
4 
4 
4 
4 
4 
-47 
-47 
-13 
-13 
-13 
-13 
-13 
-13 
-13 
-13 
44 
44 
6 
6 
6 
6 
6 
6 
96 
96 
36 
36 
36 
36 
36 
36 
12 
12 
28 
28 
28 
28 
28 
28 
-65 
-65 
-3 
-3 
-3 
-3 
-3 
-3 
114 
114 
36 
36 
36 
36 
36 
36 
57 
57 
43 
43 
43 
43 
43 
43 
4 
4 
30 
30 
30 
30 
30 
30 
69 
69 
43 
43 
43 
43 
-218 
-218 
-44 
-44 
-44 
-44 
-44 
-44 
208 
208 
40 
40 
40 
40 
40 
40 
-170 
-170 
-30 
-30 
-30 
-30 
-30 
-72 
-72 
-44 
-44 
-44 
-44 
-44 
-44 
-44 
-44 
-44 
-44 
-44 
-44 
-44 
-44 
-38 
-38 
-42 
-42 
-42 
-42 
-42 
-42 
39 
39 
-15 
-15 
-15 
-15 
-102 
-102 
-44 
-44 
-44 
-44 
-44 
-44 
49 
49 
-13 
-13 
-13 
-13 
-13 
-13 
101 
101 
25 
25 
25 
25 
25 
25 
79 
79 
43 
43 
43 
43 
43 
43 
-218 
-218 
-44 
-44 
-44 
-44 
-44 
-44 
-44 
-44 
-44 
-44 
-44 
-44 
217 
217 
43 
43 
43 
43 
43 
43 
-218 
