0 
-132 
-132 
-44 
-44 
34 
34 
-18 
-18 
-18 
-18 
-96 
-96 
-44 
-44 
34 
34 
-18 
-18 
-18 
-18 
-18 
-96 
-96 
-44 
-44 
-44 
-44 
34 
34 
-18 
-18 
-18 
-18 
-96 
-96 
-44 
-44 
-44 
-44 
55 
55 
-11 
-11 
-11 
-11 
-104 
-104 
-42 
-42 
-42 
-42 
-48 
-48 
-44 
-44 
-44 
-44 
-2 
-2 
-30 
-30 
-30 
-30 
-66 
-66 
-42 
-42 
-42 
-42 
-6 
-6 
-30 
-30 
-30 
-30 
-66 
-66 
-42 
-42 
-42 
-42 
51 
51 
-11 
-11 
-11 
-11 
-110 
-110 
-44 
-44 
-44 
-44 
34 
34 
-18 
-18 
-18 
-18 
-96 
-96 
-44 
-44 
-44 
-44 
55 
55 
-11 
-11 
-11 
-110 
-110 
-44 
-44 
-44 
-44 
34 
34 
-18 
-18 
-18 
-18 
3 
3 
-11 
-11 
-11 
-11 
-104 
-104 
-42 
-42 
-42 
-42 
-6 
-6 
-30 
-30 
-30 
-30 
27 
27 
-11 
-11 
-11 
-11 
-68 
-68 
-30 
-30 
-30 
-30 
-30 
-30 
-30 
-30 
-30 
-30 
6 
6 
-18 
-18 
-18 
-18 
-54 
-54 
-30 
-30 
-30 
-30 
-30 
-30 
-30 
-30 
-30 
-30 
-72 
-72 
-44 
-44 
-44 
-44 
-2 
-2 
-30 
-30 
-30 
-30 
15 
15 
-15 
-15 
-24 
-24 
-18 
-18 
-18 
-18 
-75 
-75 
-37 
-37 
-37 
-37 
-52 
-42 
-42 
-42 
-42 
-42 
-42 
-21 
-21 
-35 
-35 
-35 
-35 
-35 
-35 
-35 
-35 
88 
88 
6 
6 
6 
6 
15 
15 
9 
9 
9 
9 
-102 
-102 
-28 
-28 
47 
47 
-3 
-3 
-3 
-3 
-12 
-12 
-6 
-6 
84 
84 
24 
24 
72 
72 
40 
40 
37 
37 
39 
39 
-174 
-174 
-53 
-53 
-39 
-39 
-54 
-54 
-44 
-44 
-8 
-8 
-56 
-56 
-40 
-40 
-25 
-25 
-20 
-20 
-30 
-30 
-72 
-72 
-44 
-44 
-44 
-44 
-44 
-44 
-44 
106 
106 
-144 
-144 
-44 
-44 
124 
124 
-156 
-156 
-44 
-44 
124 
124 
12 
12 
12 
12 
12 
12 
15 
15 
13 
13 
10 
10 
48 
48 
24 
24 
27 
27 
16 
16 
22 
22 
31 
31 
25 
25 
25 
25 
28 
28 
20 
20 
30 
30 
26 
26 
26 
26 
26 
26 
5 
5 
40 
40 
26 
26 
11 
11 
21 
21 
21 
21 
21 
15 
15 
19 
19 
25 
25 
21 
21 
21 
21 
24 
24 
22 
22 
19 
19 
21 
21 
21 
21 
21 
21 
21 
21 
21 
21 
21 
21 
21 
21 
21 
21 
24 
24 
22 
22 
19 
19 
21 
21 
24 
24 
22 
22 
22 
22 
22 
22 
19 
19 
21 
21 
21 
21 
21 
21 
15 
15 
19 
19 
19 
19 
19 
19 
19 
19 
16 
18 
18 
12 
12 
16 
16 
16 
16 
16 
16 
16 
16 
16 
16 
16 
16 
13 
13 
9 
9 
13 
13 
10 
10 
15 
15 
13 
13 
10 
10 
12 
12 
12 
12 
6 
6 
10 
10 
16 
16 
12 
12 
3 
3 
9 
9 
9 
9 
9 
9 
9 
9 
9 
9 
9 
9 
9 
9 
0 
0 
6 
6 
6 
6 
6 
6 
6 
6 
6 
6 
6 
6 
6 
6 
6 
6 
6 
6 
6 
6 
6 
0 
0 
4 
4 
4 
4 
4 
4 
4 
4 
4 
4 
1 
1 
3 
3 
3 
3 
3 
3 
6 
6 
4 
4 
4 
4 
4 
4 
4 
4 
-2 
-2 
2 
2 
2 
2 
2 
2 
2 
2 
2 
2 
2 
2 
2 
2 
2 
2 
2 
-1 
-1 
1 
1 
1 
1 
4 
4 
2 
2 
-1 
-1 
1 
1 
1 
1 
1 
1 
-2 
-2 
0 
0 
0 
0 
3 
3 
-2 
-2 
0 
0 
0 
0 
0 
0 
0 
0 
0 
0 
0 
0 
0 
0 
0 
0 
3 
3 
-2 
-2 
0 
0 
0 
0 
0 
0 
0 
0 
3 
3 
1 
1 
1 
1 
-2 
-2 
0 
0 
3 
1 
1 
1 
1 
1 
1 
1 
1 
1 
1 
1 
1 
1 
1 
1 
1 
-2 
-2 
0 
0 
3 
3 
-2 
-2 
0 
0 
3 
3 
-2 
-2 
0 
0 
0 
0 
0 
0 
3 
3 
1 
1 
1 
1 
1 
1 
1 
1 
1 
1 
-2 
-2 
0 
0 
3 
3 
1 
1 
1 
1 
1 
1 
1 
1 
4 
4 
2 
-4 
-4 
0 
0 
3 
3 
1 
1 
1 
1 
1 
1 
1 
1 
1 
1 
1 
1 
1 
1 
1 
1 
1 
1 
1 
1 
-2 
-2 
0 
0 
3 
3 
-2 
-2 
0 
0 
6 
6 
2 
2 
-1 
-1 
4 
4 
2 
2 
-1 
-1 
1 
1 
4 
4 
2 
2 
-1 
-1 
4 
4 
2 
2 
-1 
-1 
1 
1 
4 
4 
2 
2 
2 
-4 
-4 
0 
0 
6 
6 
2 
2 
-4 
-4 
0 
0 
0 
0 
0 
0 
0 
0 
0 
0 
3 
3 
1 
1 
-2 
-2 
0 
0 
0 
0 
3 
3 
1 
1 
4 
4 
-4 
-4 
0 
0 
6 
6 
2 
2 
-1 
-1 
-2 
-2 
0 
0 
6 
6 
2 
2 
-4 
-4 
6 
6 
2 
2 
2 
2 
2 
-4 
-4 
6 
6 
2 
2 
2 
2 
2 
2 
-4 
-4 
0 
0 
0 
0 
3 
3 
1 
1 
-2 
-2 
0 
0 
0 
0 
0 
0 
0 
0 
6 
6 
2 
2 
-4 
-4 
-3 
-3 
-1 
-1 
-1 
-1 
-1 
-1 
-1 
-1 
-1 
-1 
-1 
-1 
-1 
-1 
2 
2 
0 
0 
0 
0 
0 
0 
0 
0 
0 
0 
0 
0 
0 
0 
0 
0 
0 
0 
0 
0 
0 
6 
6 
2 
2 
-7 
-7 
-1 
-1 
2 
2 
-3 
-3 
-1 
-1 
-1 
-1 
-1 
-1 
-1 
-1 
-1 
-1 
-1 
-1 
-1 
-1 
-1 
-1 
-1 
-1 
2 
2 
0 
0 
0 
0 
0 
0 
0 
0 
0 
0 
0 
0 
0 
0 
0 
0 
0 
0 
0 
0 
0 
0 
0 
0 
0 
0 
0 
0 
0 
6 
6 
-4 
-4 
0 
0 
0 
0 
0 
0 
0 
0 
0 
0 
0 
0 
0 
0 
0 
0 
0 
0 
0 
0 
0 
0 
0 
0 
0 
0 
0 
0 
0 
0 
0 
0 
0 
0 
-3 
-3 
-1 
-1 
2 
2 
0 
0 
0 
0 
0 
0 
0 
0 
0 
0 
0 
0 
0 
0 
0 
0 
0 
0 
0 
0 
0 
0 
0 
0 
0 
-3 
-3 
2 
2 
0 
0 
0 
0 
0 
0 
0 
0 
0 
0 
0 
0 
0 
0 
0 
0 
0 
0 
0 
0 
0 
0 
-3 
-3 
-1 
-1 
2 
2 
0 
0 
0 
0 
0 
0 
-3 
-3 
-1 
-1 
-1 
-1 
-1 
-1 
2 
2 
0 
0 
0 
0 
0 
0 
0 
0 
0 
0 
0 
0 
0 
0 
0 
0 
0 
0 
0 
0 
0 
-9 
-9 
6 
6 
0 
0 
0 
0 
0 
0 
0 
0 
0 
0 
0 
0 
0 
0 
0 
0 
0 
0 
-3 
-3 
-1 
-1 
-1 
-1 
-1 
-1 
2 
2 
0 
0 
0 
0 
0 
0 
0 
0 
0 
0 
0 
0 
0 
0 
0 
0 
0 
0 
0 
0 
0 
0 
0 
0 
0 
0 
0 
0 
0 
0 
0 
0 
0 
0 
0 
0 
0 
-3 
-3 
-1 
-1 
2 
2 
0 
0 
0 
0 
0 
0 
0 
0 
0 
0 
0 
0 
0 
0 
-3 
-3 
2 
2 
0 
0 
-3 
-3 
-1 
-1 
-1 
-1 
-1 
-1 
-1 
-1 
2 
2 
0 
0 
0 
0 
0 
0 
0 
0 
0 
0 
0 
0 
0 
0 
-3 
-3 
-1 
-1 
-1 
-1 
-1 
-1 
-1 
-1 
-1 
2 
2 
-3 
-3 
-1 
-1 
2 
2 
0 
0 
0 
0 
3 
3 
1 
1 
4 
4 
2 
2 
-4 
-4 
3 
3 
1 
1 
-2 
-2 
0 
0 
0 
0 
3 
3 
1 
1 
-2 
-2 
0 
0 
0 
0 
-3 
-3 
-1 
-1 
5 
5 
-2 
-2 
0 
0 
0 
0 
0 
0 
0 
0 
0 
0 
0 
0 
0 
0 
0 
0 
0 
0 
0 
0 
0 
0 
0 
0 
0 
0 
0 
0 
0 
0 
0 
0 
0 
0 
0 
0 
0 
0 
0 
0 
0 
0 
0 
0 
0 
0 
0 
0 
0 
-3 
-3 
-1 
-1 
-1 
-1 
2 
2 
0 
0 
0 
0 
0 
0 
0 
0 
0 
0 
0 
0 
0 
0 
0 
0 
0 
0 
0 
0 
0 
0 
0 
0 
0 
0 
0 
0 
0 
0 
0 
0 
0 
0 
0 
0 
0 
-9 
-9 
-3 
-3 
6 
6 
0 
0 
0 
0 
0 
0 
0 
0 
0 
0 
0 
0 
0 
0 
0 
0 
0 
0 
0 
0 
0 
0 
0 
0 
3 
3 
1 
1 
-2 
-2 
0 
0 
-3 
-3 
2 
2 
0 
0 
-3 
-3 
2 
2 
0 
0 
-3 
-3 
-1 
-1 
2 
2 
0 
0 
0 
0 
-3 
-1 
-1 
-1 
-1 
-1 
-1 
-1 
-1 
-1 
-1 
-1 
-1 
2 
2 
0 
0 
0 
0 
0 
0 
0 
0 
0 
0 
0 
0 
-3 
-3 
-1 
-1 
-1 
-1 
-1 
-1 
-1 
-1 
-1 
-1 
-1 
-1 
2 
2 
-3 
-3 
-1 
-1 
2 
2 
0 
0 
0 
0 
0 
0 
0 
0 
0 
0 
0 
0 
0 
0 
0 
-3 
-3 
2 
2 
0 
0 
0 
0 
-3 
-3 
-1 
-1 
-1 
-1 
2 
2 
0 
0 
-9 
-9 
-3 
-3 
3 
3 
-13 
-13 
-5 
-5 
1 
1 
-3 
-3 
-12 
-12 
3 
3 
-3 
-3 
-3 
-3 
-3 
-3 
-12 
-12 
-6 
-6 
-6 
-6 
3 
3 
-3 
-3 
-12 
-12 
3 
3 
-3 
-3 
-12 
-12 
-6 
-6 
9 
9 
-13 
-13 
-5 
-5 
1 
1 
6 
0 
0 
-9 
-9 
-3 
-3 
-3 
-3 
-3 
-3 
6 
6 
0 
0 
0 
0 
0 
0 
0 
0 
0 
0 
0 
0 
-9 
-9 
6 
6 
0 
0 
-9 
-9 
-3 
-3 
-9 
-9 
-5 
-5 
-5 
-5 
