0 
126 
126 
42 
42 
42 
42 
42 
42 
12 
12 
32 
32 
32 
32 
-139 
-139 
-25 
-25 
-25 
-25 
-82 
-82 
-44 
-44 
-44 
-44 
-44 
217 
217 
43 
43 
43 
43 
10 
10 
32 
32 
32 
32 
32 
32 
62 
62 
42 
42 
42 
42 
45 
45 
43 
43 
43 
43 
22 
22 
36 
36 
36 
36 
24 
24 
32 
32 
32 
32 
32 
32 
32 
32 
32 
32 
32 
32 
32 
32 
32 
32 
32 
32 
-139 
-139 
-25 
-25 
-25 
-25 
-25 
-25 
-25 
-25 
-25 
-25 
-25 
-25 
-25 
-25 
-25 
-25 
-25 
-25 
-25 
-25 
-25 
-25 
-25 
-25 
179 
179 
43 
43 
43 
43 
10 
10 
32 
32 
32 
32 
32 
44 
44 
36 
36 
36 
36 
36 
36 
36 
36 
36 
36 
54 
54 
42 
42 
42 
42 
45 
45 
43 
43 
43 
43 
22 
22 
36 
36 
36 
36 
36 
36 
57 
57 
43 
43 
43 
43 
22 
22 
36 
36 
36 
36 
57 
57 
43 
43 
43 
43 
-161 
-161 
-25 
-25 
-25 
-25 
146 
146 
32 
32 
32 
32 
32 
32 
44 
44 
36 
36 
36 
36 
24 
24 
32 
32 
32 
32 
32 
32 
32 
32 
32 
32 
32 
32 
32 
32 
32 
32 
32 
65 
65 
43 
43 
43 
43 
-89 
-89 
-1 
-1 
-1 
-1 
-94 
-94 
-32 
-32 
-32 
-32 
-68 
-68 
-44 
-44 
-44 
-44 
-44 
-44 
-44 
-44 
-44 
-44 
214 
214 
42 
42 
42 
42 
6 
6 
30 
30 
30 
30 
39 
39 
33 
33 
33 
33 
-156 
-156 
-30 
-30 
-30 
-30 
6 
6 
-18 
-18 
-9 
-9 
-21 
-21 
-17 
-17 
43 
43 
3 
3 
3 
3 
3 
3 
3 
3 
3 
3 
3 
3 
3 
3 
3 
3 
3 
3 
3 
3 
3 
3 
3 
3 
3 
3 
3 
3 
3 
3 
3 
3 
3 
3 
3 
3 
3 
3 
3 
3 
3 
-81 
-81 
-25 
-25 
-52 
-52 
2 
2 
-22 
-22 
-22 
-22 
-52 
-52 
-32 
-32 
-32 
-32 
-32 
-32 
-32 
-32 
-11 
-11 
-25 
-25 
-46 
-46 
-32 
-32 
-32 
-32 
-26 
-30 
-30 
-9 
-9 
-23 
-23 
-23 
-23 
-23 
-23 
-44 
-44 
-9 
-9 
-23 
-23 
-44 
-44 
-30 
-30 
-30 
-30 
-15 
-15 
-25 
-25 
-40 
-40 
-30 
-30 
-30 
-30 
-30 
-30 
-30 
-30 
-15 
-15 
-25 
-25 
-25 
-25 
-34 
-34 
-28 
-28 
-28 
-28 
-28 
-28 
-19 
-19 
-34 
-34 
-28 
-28 
-28 
-28 
-28 
-28 
-19 
-19 
-25 
-25 
-25 
-25 
-25 
-25 
-34 
-34 
-28 
-28 
-19 
-19 
-25 
-25 
-19 
-19 
-29 
-29 
-25 
-25 
-19 
-19 
-23 
-23 
-29 
-29 
-16 
-16 
-22 
-22 
-22 
-22 
-22 
-16 
-16 
-20 
-20 
-26 
-26 
-22 
-22 
-16 
-16 
-14 
-14 
-18 
-18 
-18 
-18 
-18 
-18 
-18 
-18 
-15 
-15 
-17 
-17 
-20 
-20 
-9 
-9 
-15 
-15 
-21 
-21 
-17 
-17 
-11 
-11 
-15 
-15 
-15 
-15 
-9 
-9 
-13 
-13 
-13 
-13 
-13 
-13 
-13 
-13 
-7 
-7 
-11 
-11 
-11 
-11 
-11 
-11 
-11 
-11 
-11 
-11 
-11 
-11 
-11 
-11 
-11 
-11 
-11 
-11 
-2 
-2 
-8 
-8 
-8 
-8 
-8 
-8 
-8 
-8 
-8 
-8 
-8 
-8 
-8 
-8 
-8 
-8 
-8 
-8 
-2 
-2 
-6 
-6 
-6 
-6 
-6 
-6 
-6 
-6 
-6 
-6 
-6 
-6 
-6 
-6 
-6 
-6 
-6 
-6 
-6 
-6 
-6 
-6 
-6 
-6 
-6 
-6 
-6 
-6 
-6 
-6 
-6 
3 
3 
-3 
-3 
-3 
-3 
-3 
-3 
-3 
-3 
-3 
-3 
-3 
-3 
-3 
-3 
-3 
-3 
-3 
-3 
-3 
-3 
-3 
-3 
-3 
-3 
-3 
-3 
-3 
-3 
3 
3 
-1 
-1 
-1 
-1 
-1 
-1 
-1 
-1 
-1 
-1 
-1 
-1 
-1 
-1 
-1 
-1 
-1 
-1 
-1 
-1 
-1 
-1 
-1 
-1 
-1 
-1 
-1 
-1 
-1 
-1 
-1 
-1 
-1 
-1 
-1 
-1 
-1 
-1 
-1 
-1 
-1 
-1 
-1 
-1 
-1 
-1 
-1 
-1 
-1 
-1 
-1 
-1 
-1 
-1 
-1 
-1 
-1 
2 
2 
0 
0 
-3 
-3 
-1 
-1 
2 
2 
0 
0 
0 
0 
0 
0 
0 
0 
0 
0 
-3 
-3 
-1 
-1 
-1 
-1 
-1 
-1 
2 
2 
-3 
-3 
-1 
-1 
-1 
-1 
-1 
-1 
-1 
-1 
-1 
-1 
-1 
-1 
2 
2 
0 
0 
-3 
-3 
2 
2 
0 
0 
0 
0 
0 
0 
0 
0 
0 
0 
0 
0 
0 
0 
0 
0 
0 
0 
0 
0 
0 
0 
0 
0 
0 
0 
0 
0 
-3 
-3 
-1 
-1 
2 
2 
0 
0 
-3 
-3 
2 
2 
0 
0 
0 
0 
0 
0 
0 
0 
0 
0 
0 
0 
0 
0 
0 
0 
0 
0 
0 
0 
0 
0 
0 
0 
0 
0 
0 
0 
0 
-3 
-3 
-1 
-1 
-1 
-1 
-1 
-1 
-1 
-1 
-1 
-1 
-1 
-1 
-1 
-1 
2 
2 
0 
0 
0 
0 
0 
0 
0 
0 
0 
0 
0 
0 
0 
0 
-3 
-3 
-1 
-1 
-1 
-1 
-1 
-1 
-1 
-1 
-1 
-1 
-1 
-1 
2 
2 
0 
0 
-3 
-3 
2 
2 
0 
0 
0 
0 
0 
0 
0 
0 
-3 
-3 
-1 
-1 
2 
2 
0 
0 
0 
0 
0 
0 
0 
0 
0 
0 
0 
0 
0 
0 
0 
0 
0 
0 
0 
0 
0 
0 
0 
0 
0 
0 
0 
0 
0 
0 
0 
0 
0 
0 
0 
0 
0 
0 
0 
0 
0 
-3 
-3 
-1 
-1 
-1 
-1 
2 
2 
0 
0 
0 
0 
-3 
-3 
-1 
-1 
2 
2 
0 
0 
0 
0 
0 
0 
0 
0 
0 
0 
0 
0 
0 
0 
0 
0 
0 
0 
0 
0 
0 
0 
0 
0 
0 
0 
0 
0 
0 
0 
0 
0 
0 
0 
0 
0 
0 
0 
0 
0 
0 
0 
0 
0 
0 
0 
0 
0 
0 
0 
0 
0 
0 
0 
0 
0 
0 
0 
0 
0 
0 
0 
0 
0 
0 
0 
0 
0 
0 
0 
-3 
-3 
-1 
-1 
-1 
-1 
-1 
-1 
-7 
-7 
-3 
-3 
-3 
-3 
-3 
-3 
-3 
-3 
-3 
-3 
-3 
-3 
-3 
-3 
-3 
3 
3 
-1 
-1 
-1 
-1 
-1 
-1 
-1 
-1 
-1 
-1 
-1 
-1 
-1 
-1 
-7 
-7 
-3 
-3 
-3 
-3 
-3 
-3 
-3 
-3 
-3 
-3 
-3 
-3 
-3 
-3 
3 
3 
-1 
-1 
-1 
-1 
-1 
-1 
-1 
-1 
2 
2 
0 
0 
-3 
-3 
2 
2 
0 
0 
0 
0 
0 
0 
-3 
-3 
2 
2 
0 
0 
0 
0 
0 
0 
-3 
-1 
-1 
-1 
-1 
-1 
-1 
-1 
-1 
2 
2 
0 
0 
0 
0 
0 
0 
-3 
-3 
2 
2 
0 
0 
0 
0 
-3 
-3 
-1 
-1 
2 
2 
0 
0 
0 
0 
0 
0 
0 
0 
0 
0 
0 
0 
0 
0 
0 
0 
0 
0 
0 
0 
0 
0 
0 
0 
0 
0 
0 
0 
-3 
-3 
2 
2 
0 
0 
0 
0 
0 
0 
0 
0 
0 
0 
0 
0 
0 
-3 
-3 
2 
2 
0 
0 
0 
0 
0 
0 
0 
0 
-3 
-3 
-1 
-1 
2 
2 
0 
0 
0 
0 
0 
0 
0 
0 
0 
0 
0 
0 
0 
0 
0 
0 
0 
0 
0 
0 
0 
0 
0 
0 
0 
0 
0 
0 
-3 
-3 
2 
2 
0 
0 
-3 
-3 
2 
2 
0 
0 
0 
0 
0 
0 
0 
0 
0 
0 
0 
0 
0 
-9 
-9 
6 
6 
0 
0 
0 
0 
0 
0 
0 
0 
0 
0 
0 
0 
-9 
-9 
-3 
-3 
6 
6 
0 
0 
0 
0 
0 
0 
0 
0 
0 
0 
0 
0 
0 
0 
-3 
-3 
-1 
-1 
-1 
-1 
-1 
-1 
-1 
-1 
2 
2 
0 
0 
0 
0 
0 
0 
0 
0 
0 
0 
0 
0 
0 
0 
0 
-3 
-3 
-1 
-1 
-1 
-1 
2 
2 
0 
0 
0 
0 
-3 
-3 
-1 
-1 
-1 
-1 
-1 
-1 
-1 
-1 
-1 
-1 
-1 
-1 
-1 
-1 
-7 
-7 
-3 
-3 
-3 
-3 
-3 
-3 
-3 
-3 
3 
3 
-1 
-1 
-1 
-1 
-1 
-1 
-1 
-1 
-7 
-7 
-3 
-3 
-3 
-3 
3 
3 
-1 
-1 
-7 
-7 
-3 
-3 
-3 
-3 
-3 
-3 
-3 
-3 
3 
3 
-1 
-1 
-7 
-3 
-3 
-3 
-3 
-3 
-3 
3 
3 
-1 
-1 
-1 
-1 
-7 
-7 
-3 
-3 
3 
3 
-1 
-1 
-1 
-1 
-7 
-7 
-3 
-3 
-3 
-3 
-3 
-3 
-3 
-3 
-3 
-3 
-3 
-3 
-3 
-3 
-9 
-9 
-5 
-5 
1 
1 
-3 
-3 
-9 
-9 
-5 
-5 
-5 
-5 
-5 
-5 
-5 
-5 
1 
1 
-3 
-3 
-3 
-3 
3 
3 
-7 
-3 
-3 
-3 
-3 
-3 
-3 
-3 
-3 
-3 
-3 
-3 
-3 
-3 
-3 
-3 
-3 
-3 
-3 
3 
3 
-1 
-1 
-7 
-7 
-3 
-3 
3 
3 
-1 
-1 
-1 
-1 
-7 
-7 
-3 
-3 
3 
3 
-1 
-1 
-7 
-7 
-3 
-3 
-3 
-3 
-3 
-3 
-3 
-3 
-9 
-9 
-5 
-5 
-5 
-5 
1 
1 
-3 
-3 
-3 
-3 
-3 
-3 
-3 
-3 
-3 
-3 
-9 
-9 
-5 
-5 
-5 
-5 
-5 
7 
7 
-1 
-1 
-7 
-7 
3 
3 
-1 
-1 
-7 
-7 
-3 
-3 
-3 
-3 
-3 
-3 
-3 
-3 
-3 
-3 
-3 
-3 
3 
3 
-7 
-7 
-3 
-3 
-3 
-3 
-3 
-3 
-3 
-3 
-9 
-9 
-5 
-5 
-5 
-5 
-5 
-5 
-5 
-5 
1 
1 
-3 
-3 
-12 
-12 
3 
3 
-3 
-3 
-9 
-9 
-5 
-5 
-5 
-5 
-5 
-5 
-8 
-6 
-6 
-6 
-6 
-6 
-6 
-6 
-6 
-6 
-6 
-6 
-6 
-6 
-6 
-3 
-3 
-5 
-5 
-5 
-5 
-5 
-5 
-5 
-5 
-5 
-5 
-5 
-5 
-5 
-5 
-8 
-8 
-6 
-6 
-6 
-6 
-6 
-6 
-6 
-6 
3 
3 
-3 
-3 
-9 
-9 
-5 
-5 
-8 
-8 
-3 
-3 
-5 
-5 
1 
1 
-3 
-3 
-12 
-12 
-6 
-6 
-6 
-6 
-6 
-6 
-6 
-6 
3 
3 
-3 
-3 
-3 
-3 
-3 
-3 
-3 
-3 
-3 
-3 
-3 
-3 
-3 
-3 
-3 
-3 
-3 
-12 
-12 
-6 
-6 
-6 
-6 
3 
3 
-3 
-3 
-12 
-12 
-6 
-6 
-6 
-6 
-12 
-12 
-8 
-8 
-2 
-2 
-6 
-6 
-6 
-6 
-12 
-12 
-8 
-8 
-2 
-2 
-6 
-6 
3 
3 
-18 
-18 
-8 
-8 
-8 
-8 
-8 
-8 
-8 
-8 
-8 
-8 
-8 
-8 
-8 
-8 
-8 
-8 
7 
7 
-18 
-8 
-8 
-8 
-8 
-8 
-8 
-8 
-8 
-8 
-8 
-8 
-8 
-8 
-8 
-8 
-8 
-8 
-8 
-8 
-8 
-8 
-8 
-8 
-8 
-8 
-8 
7 
7 
-3 
-3 
-3 
-3 
-12 
-12 
-6 
-6 
-6 
-6 
-6 
-6 
-6 
-6 
-6 
-6 
-6 
-6 
-6 
-6 
-6 
-6 
-6 
-6 
-6 
-6 
-6 
-6 
-6 
-6 
-6 
-6 
-6 
-6 
-6 
-6 
-6 
-6 
-6 
-6 
-6 
-6 
-6 
-6 
-6 
-6 
-6 
-6 
-6 
-6 
-6 
-6 
-6 
-6 
-6 
-6 
-6 
-6 
-6 
-6 
-6 
-6 
-6 
-6 
-6 
-6 
-6 
-6 
-6 
-6 
-6 
-6 
-6 
-6 
-6 
-6 
-6 
-6 
-6 
-6 
-6 
-6 
-6 
-6 
-6 
-6 
-6 
-6 
-6 
-6 
-6 
-6 
-6 
-6 
-6 
-6 
-6 
-6 
-6 
-6 
-6 
-6 
-6 
-6 
-6 
-6 
-6 
-6 
-6 
-6 
-6 
-6 
-6 
-6 
-6 
-6 
-6 
-6 
-6 
-6 
-6 
-6 
-6 
-6 
-6 
-6 
-6 
-6 
-6 
-6 
-6 
-6 
-6 
-6 
-6 
-6 
-6 
-6 
-6 
-6 
-6 
-6 
-6 
-6 
-6 
-6 
-6 
-6 
-6 
-6 
-6 
-6 
-6 
-6 
-6 
-6 
-6 
-6 
-6 
-6 
-6 
-6 
-6 
-6 
-6 
-6 
-6 
-6 
-6 
-6 
-6 
-6 
-6 
-6 
-6 
-6 
-6 
-6 
-6 
-6 
-6 
-6 
-6 
-6 
-6 
-6 
-6 
-6 
-6 
-6 
-6 
-6 
-6 
-6 
-6 
-6 
-6 
-6 
-6 
-6 
-6 
-6 
-6 
-6 
-6 
-6 
-6 
-6 
-6 
-6 
-6 
-6 
-6 
-6 
-6 
-6 
-6 
-6 
-6 
-6 
-6 
-6 
-6 
-6 
-6 
-6 
-6 
-6 
-6 
-6 
-6 
-6 
-6 
-6 
-6 
-6 
-6 
-6 
-6 
-6 
-6 
-6 
-6 
-6 
-6 
-6 
-6 
-6 
-6 
-6 
-6 
-6 
-6 
-6 
-6 
-6 
-6 
-6 
-6 
-6 
-6 
-6 
-6 
-6 
-6 
-6 
-6 
-6 
-6 
-6 
-6 
-6 
-6 
-6 
-6 
-6 
-6 
-6 
-6 
-6 
-6 
-6 
-6 
-6 
-6 
-6 
-6 
-6 
-6 
-6 
-6 
-6 
-6 
-6 
-6 
-6 
-6 
-6 
-6 
-6 
-6 
-6 
-6 
-6 
-6 
-6 
-6 
-6 
-6 
-6 
-6 
-6 
-6 
-6 
-6 
-6 
-6 
-6 
-6 
-6 
-6 
-6 
-6 
-6 
-6 
-6 
-6 
-6 
-6 
-6 
-6 
-6 
-6 
-120 
-120 
-44 
-44 
-44 
-44 
-44 
-44 
-44 
-44 
-44 
-44 
-44 
-44 
-44 
-44 
-44 
-44 
-44 
-44 
-44 
-44 
-44 
-44 
-44 
-44 
-44 
-44 
-44 
-44 
-44 
-44 
-44 
-44 
-44 
-44 
-44 
-44 
-44 
-44 
-44 
-44 
-44 
-44 
-44 
-44 
-44 
-44 
-44 
-44 
-44 
-44 
-44 
-44 
-44 
-44 
-44 
-44 
-44 
-44 
-44 
-44 
-44 
-44 
-44 
-44 
-44 
-44 
-44 
-44 
-44 
-44 
-44 
-44 
-44 
-44 
-44 
-44 
-44 
-44 
-44 
-44 
-44 
-44 
-44 
-44 
-44 
-44 
-44 
-44 
-44 
-44 
-44 
-44 
-44 
-44 
-44 
-44 
-44 
-44 
-44 
-44 
-44 
-44 
-44 
-44 
-44 
-44 
-44 
-44 
-44 
-44 
-44 
-44 
-44 
-44 
-44 
-44 
-44 
-44 
-44 
-44 
-44 
-44 
-44 
-44 
-44 
-44 
-44 
-44 
-44 
-44 
-44 
-44 
-44 
-44 
-44 
-44 
-44 
-44 
-44 
-44 
-44 
-44 
-44 
-44 
-44 
-44 
-44 
-44 
-44 
-44 
-44 
-44 
-44 
-44 
-44 
-44 
-44 
-44 
-44 
-44 
-44 
-44 
-44 
-44 
-44 
-44 
-44 
-44 
-44 
-44 
-44 
-44 
-44 
-44 
-44 
-44 
-44 
-44 
-44 
-44 
-44 
-44 
-44 
-44 
-44 
-44 
-44 
-44 
-44 
-44 
-44 
-44 
-44 
-44 
-44 
-44 
-44 
-44 
-44 
-44 
-44 
-44 
-44 
-44 
-44 
-44 
-44 
-44 
-44 
-44 
-44 
-44 
-44 
-44 
-44 
-44 
-44 
-44 
-44 
-44 
-44 
-44 
-44 
-44 
-44 
-44 
-44 
-44 
-44 
-44 
-44 
-44 
-44 
