0 
0 
0 
0 
0 
0 
0 
0 
0 
0 
0 
0 
0 
0 
0 
0 
0 
0 
0 
0 
0 
0 
0 
0 
0 
0 
0 
0 
0 
0 
0 
0 
0 
0 
0 
0 
0 
0 
0 
0 
0 
0 
0 
0 
0 
0 
0 
0 
0 
0 
0 
0 
0 
0 
0 
0 
0 
0 
0 
0 
0 
0 
0 
0 
0 
0 
0 
0 
0 
0 
0 
0 
0 
0 
0 
0 
0 
0 
0 
0 
0 
0 
0 
0 
0 
0 
0 
0 
0 
0 
0 
0 
0 
0 
0 
0 
0 
0 
0 
0 
0 
0 
0 
0 
0 
0 
0 
0 
0 
0 
0 
0 
0 
0 
0 
0 
0 
0 
0 
0 
0 
0 
0 
0 
0 
0 
0 
0 
0 
0 
0 
0 
0 
0 
0 
0 
0 
0 
0 
0 
0 
0 
0 
0 
0 
0 
0 
0 
0 
0 
0 
0 
0 
0 
0 
0 
0 
0 
0 
0 
0 
0 
0 
0 
0 
0 
0 
0 
0 
0 
0 
0 
0 
0 
0 
0 
0 
0 
0 
0 
0 
0 
0 
0 
0 
0 
0 
0 
0 
0 
0 
0 
0 
0 
0 
0 
0 
0 
0 
0 
0 
0 
0 
0 
0 
0 
0 
0 
0 
0 
0 
0 
0 
0 
0 
0 
0 
0 
0 
0 
0 
0 
0 
0 
0 
0 
0 
0 
0 
0 
0 
0 
0 
0 
0 
0 
0 
0 
0 
0 
-132 
-132 
-44 
-44 
-44 
-44 
-44 
-44 
-44 
-44 
-44 
-44 
-44 
-44 
-44 
-44 
-44 
-44 
-44 
-44 
-44 
-44 
-44 
-44 
-44 
-44 
-44 
-44 
-44 
-44 
-44 
-44 
-44 
-44 
-44 
-44 
-44 
-44 
-44 
-44 
-44 
-44 
-44 
-44 
-44 
-44 
-44 
-44 
-44 
-44 
-44 
-44 
-44 
-44 
-44 
-44 
-44 
-44 
-44 
-44 
-44 
-44 
-44 
-44 
-44 
-44 
-44 
-44 
-44 
-44 
-44 
-44 
-44 
-44 
-44 
145 
145 
19 
19 
10 
10 
16 
16 
22 
22 
18 
18 
18 
18 
21 
21 
19 
19 
19 
19 
25 
25 
21 
21 
21 
21 
21 
21 
21 
21 
36 
36 
26 
26 
11 
11 
21 
21 
24 
24 
13 
13 
19 
19 
25 
25 
21 
21 
24 
22 
22 
22 
22 
31 
31 
25 
25 
22 
22 
24 
24 
18 
18 
28 
28 
24 
24 
24 
24 
24 
24 
15 
15 
21 
21 
21 
21 
21 
21 
21 
21 
24 
24 
19 
19 
21 
21 
21 
21 
21 
21 
21 
21 
21 
21 
21 
21 
15 
15 
19 
19 
19 
19 
19 
19 
19 
19 
16 
16 
18 
18 
18 
18 
12 
12 
16 
16 
22 
22 
12 
12 
16 
16 
16 
16 
16 
16 
16 
16 
16 
7 
7 
13 
13 
13 
13 
10 
10 
12 
12 
6 
6 
10 
10 
16 
16 
3 
3 
9 
9 
12 
12 
7 
7 
9 
9 
6 
6 
8 
8 
11 
11 
6 
6 
8 
8 
8 
8 
8 
8 
8 
8 
8 
8 
8 
8 
8 
8 
8 
8 
2 
2 
0 
0 
4 
4 
4 
4 
4 
4 
4 
4 
4 
4 
4 
4 
4 
4 
4 
4 
4 
4 
1 
1 
3 
3 
6 
6 
4 
4 
4 
4 
4 
4 
4 
-2 
-2 
2 
2 
2 
2 
2 
2 
5 
5 
3 
3 
3 
3 
-3 
-3 
1 
1 
1 
1 
1 
1 
1 
1 
4 
4 
2 
2 
2 
2 
2 
2 
2 
2 
2 
2 
2 
2 
2 
2 
2 
2 
2 
2 
-1 
-1 
4 
4 
2 
2 
-4 
-4 
0 
0 
6 
6 
-1 
-1 
1 
1 
4 
4 
2 
2 
-1 
-1 
1 
1 
-2 
-2 
0 
0 
0 
0 
3 
1 
1 
1 
1 
1 
1 
1 
1 
1 
1 
1 
1 
-2 
-2 
0 
0 
0 
0 
3 
3 
1 
1 
-2 
-2 
3 
3 
1 
1 
1 
1 
1 
1 
1 
1 
1 
1 
1 
1 
-2 
-2 
0 
0 
0 
0 
3 
3 
1 
1 
1 
1 
1 
1 
-2 
-2 
3 
3 
1 
1 
1 
1 
1 
1 
-2 
-2 
3 
3 
1 
1 
1 
1 
-2 
-2 
0 
0 
3 
3 
1 
1 
1 
1 
1 
1 
-2 
0 
0 
0 
0 
0 
0 
0 
0 
0 
0 
0 
0 
3 
3 
1 
1 
1 
1 
1 
1 
1 
1 
1 
1 
1 
1 
1 
1 
1 
1 
1 
1 
1 
1 
1 
1 
1 
1 
1 
1 
-2 
-2 
0 
0 
0 
0 
0 
0 
0 
0 
0 
0 
0 
0 
0 
0 
0 
0 
0 
0 
0 
0 
0 
0 
0 
0 
0 
0 
0 
0 
0 
0 
0 
0 
0 
0 
0 
0 
0 
0 
0 
3 
3 
1 
1 
1 
1 
-2 
-2 
0 
0 
3 
3 
-2 
-2 
0 
0 
3 
3 
-2 
-2 
0 
0 
3 
3 
1 
1 
1 
1 
1 
1 
1 
1 
-2 
-2 
0 
0 
0 
0 
0 
0 
0 
0 
0 
0 
0 
0 
0 
0 
0 
0 
0 
0 
0 
0 
0 
0 
0 
0 
0 
0 
0 
0 
0 
0 
0 
0 
0 
0 
0 
3 
3 
1 
1 
-2 
-2 
3 
3 
1 
1 
-2 
-2 
3 
3 
1 
1 
-2 
-2 
0 
0 
0 
0 
3 
3 
1 
1 
-2 
-2 
0 
0 
0 
0 
0 
0 
0 
0 
0 
0 
0 
0 
3 
3 
-2 
-2 
0 
0 
0 
0 
0 
0 
0 
0 
0 
0 
0 
0 
0 
0 
0 
0 
0 
0 
0 
0 
0 
0 
0 
0 
0 
0 
0 
0 
3 
3 
1 
-2 
-2 
0 
0 
0 
0 
0 
0 
0 
0 
0 
0 
0 
0 
3 
3 
1 
1 
-2 
-2 
0 
0 
0 
0 
0 
0 
0 
0 
0 
0 
0 
0 
0 
0 
0 
0 
0 
0 
0 
0 
0 
0 
0 
0 
0 
0 
0 
0 
0 
0 
0 
0 
0 
0 
-3 
-3 
-1 
-1 
-1 
-1 
-1 
-1 
-1 
-1 
-1 
-1 
2 
2 
0 
0 
0 
0 
0 
0 
0 
0 
0 
0 
0 
0 
0 
0 
0 
-3 
-3 
-1 
-1 
2 
2 
0 
0 
0 
0 
-3 
-3 
-1 
-1 
-1 
-1 
-1 
-1 
-1 
-1 
2 
2 
0 
0 
-3 
-3 
2 
2 
0 
0 
0 
0 
0 
0 
0 
0 
0 
0 
0 
0 
-3 
-3 
2 
2 
0 
0 
0 
0 
0 
0 
0 
0 
0 
0 
0 
0 
0 
0 
0 
0 
0 
0 
0 
0 
0 
0 
0 
0 
0 
-3 
-3 
-1 
-1 
-1 
-1 
-1 
-1 
-1 
-1 
2 
2 
0 
0 
0 
0 
0 
0 
0 
0 
0 
0 
0 
0 
0 
0 
0 
0 
0 
0 
0 
0 
0 
0 
0 
0 
3 
3 
1 
1 
-2 
-2 
0 
0 
3 
3 
-2 
-2 
0 
0 
3 
3 
1 
1 
-2 
-2 
3 
3 
1 
1 
-2 
-2 
0 
0 
3 
3 
1 
1 
1 
1 
1 
1 
1 
-2 
-2 
0 
0 
3 
3 
1 
1 
1 
1 
1 
1 
1 
1 
1 
1 
-2 
-2 
0 
0 
0 
0 
0 
0 
3 
3 
1 
1 
1 
1 
1 
1 
1 
1 
-2 
-2 
3 
3 
1 
1 
1 
1 
1 
1 
1 
1 
-2 
-2 
0 
0 
3 
3 
-2 
-2 
0 
0 
0 
0 
0 
0 
3 
3 
-2 
-2 
0 
0 
0 
0 
0 
0 
0 
0 
0 
0 
0 
0 
0 
0 
0 
-3 
-3 
-1 
-1 
2 
2 
0 
0 
0 
0 
0 
0 
0 
0 
0 
0 
0 
0 
0 
0 
0 
0 
0 
0 
0 
0 
-3 
-3 
-1 
-1 
2 
2 
0 
0 
0 
0 
-3 
-3 
-1 
-1 
5 
5 
1 
1 
-2 
-2 
3 
3 
1 
1 
-2 
-2 
0 
0 
3 
3 
-2 
-2 
0 
0 
0 
0 
0 
0 
0 
0 
0 
0 
0 
0 
0 
0 
0 
0 
0 
0 
0 
0 
0 
0 
0 
0 
0 
0 
0 
0 
0 
0 
0 
-3 
-3 
-1 
-1 
2 
2 
0 
0 
-3 
-3 
2 
2 
0 
0 
0 
0 
-3 
-3 
-1 
-1 
-1 
-1 
-1 
-1 
2 
2 
-3 
-3 
-1 
-1 
2 
2 
0 
0 
0 
0 
0 
0 
0 
0 
-3 
-3 
-1 
-1 
-1 
-1 
-1 
-1 
-1 
-1 
2 
2 
0 
0 
0 
0 
0 
0 
0 
0 
-3 
-3 
-1 
-1 
2 
0 
0 
0 
0 
-3 
-3 
-1 
-1 
-1 
-1 
-1 
-1 
-1 
-1 
-1 
-1 
-1 
-1 
-1 
-1 
-1 
-1 
2 
2 
-3 
-3 
-1 
-1 
-1 
-1 
-1 
-1 
-1 
-1 
-1 
-1 
-1 
-1 
-1 
-1 
-1 
-1 
-1 
-1 
-1 
-1 
-1 
-1 
-7 
-7 
-3 
-3 
3 
3 
-1 
-1 
-1 
-1 
-7 
-7 
-3 
-3 
3 
3 
-7 
-7 
-3 
-3 
-3 
-3 
-3 
-3 
-3 
-3 
-3 
-3 
-3 
3 
3 
-1 
-1 
-7 
-7 
-3 
-3 
-3 
-3 
-3 
-3 
-3 
-3 
-3 
-3 
-3 
-3 
-3 
-3 
-3 
-3 
-3 
-3 
-3 
-3 
-3 
-3 
-3 
-3 
-3 
-3 
-3 
-3 
-3 
-3 
-3 
-3 
-3 
-3 
-3 
-3 
-3 
-3 
-3 
-3 
-3 
-3 
-3 
-3 
-3 
-3 
-3 
-3 
-3 
-3 
-3 
-3 
-3 
-3 
-3 
-3 
-3 
-3 
3 
3 
-1 
-1 
-1 
-1 
-1 
-1 
-1 
-1 
-1 
-1 
-1 
-7 
-7 
3 
3 
-1 
-1 
-7 
-7 
-3 
-3 
-3 
-3 
-3 
-3 
-3 
-3 
-3 
-3 
-3 
-3 
-3 
-3 
-3 
-3 
-3 
-3 
-3 
-3 
-3 
-3 
-3 
-3 
-3 
-3 
-3 
-3 
-3 
-3 
-3 
-3 
-3 
-3 
-3 
-3 
-3 
-3 
-3 
-3 
-3 
-3 
-3 
-3 
-3 
-3 
-3 
-3 
-3 
-3 
-3 
-3 
-3 
-3 
-3 
-3 
-3 
-3 
-3 
-3 
-3 
-3 
-3 
-3 
-3 
-3 
-3 
-3 
-3 
-3 
-3 
-3 
-3 
-3 
-3 
-3 
-3 
-3 
-3 
-3 
-3 
-3 
-3 
-9 
-9 
-5 
-5 
-5 
-5 
-5 
-5 
-5 
-5 
-5 
-5 
-5 
-5 
10 
10 
0 
0 
-9 
-9 
-3 
-3 
-3 
-3 
6 
6 
0 
0 
0 
0 
-9 
-9 
-3 
-3 
-3 
-3 
-3 
-3 
-3 
-3 
-9 
-9 
-5 
-5 
1 
1 
-3 
-3 
-3 
-3 
6 
6 
0 
0 
-9 
-9 
-3 
-3 
-3 
-3 
3 
-1 
-1 
-7 
-7 
-3 
-3 
3 
3 
-7 
-7 
-3 
-3 
3 
3 
-1 
-1 
-7 
-7 
-3 
-3 
-3 
-3 
-3 
-3 
-3 
-3 
3 
3 
-7 
-7 
-3 
-3 
-3 
-3 
-3 
-3 
-3 
-3 
-3 
-3 
-3 
-3 
-3 
-3 
-3 
-3 
-3 
-3 
-3 
-3 
-3 
-3 
-3 
-3 
-3 
-3 
3 
3 
-7 
-7 
-3 
-3 
3 
3 
-1 
-1 
-1 
-1 
-1 
-1 
-1 
-1 
-1 
-1 
-1 
-1 
-1 
-1 
-1 
-1 
-1 
-1 
-1 
-1 
-1 
-1 
-1 
-1 
-1 
-1 
-1 
-1 
-1 
-1 
-1 
2 
2 
0 
0 
0 
0 
3 
3 
1 
1 
1 
1 
1 
1 
4 
4 
5 
5 
3 
3 
3 
3 
6 
6 
4 
4 
4 
4 
4 
4 
10 
10 
6 
6 
6 
6 
6 
6 
6 
6 
6 
6 
6 
6 
6 
6 
6 
6 
6 
6 
6 
6 
6 
6 
6 
6 
6 
6 
6 
6 
6 
6 
6 
6 
6 
6 
6 
6 
6 
6 
6 
6 
6 
6 
6 
6 
6 
6 
6 
6 
6 
6 
6 
6 
6 
6 
6 
6 
6 
6 
6 
6 
6 
6 
6 
6 
6 
6 
6 
6 
6 
6 
6 
6 
6 
6 
6 
6 
6 
6 
6 
6 
6 
6 
6 
6 
6 
6 
6 
6 
6 
6 
6 
6 
6 
6 
6 
6 
6 
6 
6 
6 
6 
6 
6 
6 
6 
6 
6 
6 
6 
6 
6 
6 
6 
6 
6 
6 
6 
6 
6 
6 
6 
6 
6 
6 
6 
6 
6 
6 
6 
6 
6 
6 
6 
6 
6 
6 
6 
6 
6 
6 
6 
6 
6 
6 
6 
6 
6 
6 
6 
6 
6 
6 
6 
6 
6 
6 
6 
6 
6 
51 
51 
21 
21 
21 
21 
21 
21 
21 
21 
21 
21 
21 
21 
21 
21 
21 
21 
21 
21 
21 
21 
21 
21 
21 
21 
21 
21 
21 
21 
21 
21 
21 
21 
21 
21 
21 
21 
21 
21 
21 
21 
21 
21 
21 
21 
21 
21 
21 
21 
21 
21 
21 
21 
21 
21 
21 
21 
21 
21 
21 
21 
21 
21 
21 
21 
21 
21 
21 
21 
21 
24 
24 
22 
22 
19 
19 
15 
15 
19 
19 
25 
25 
21 
21 
21 
21 
24 
24 
22 
22 
19 
19 
21 
21 
21 
21 
15 
15 
19 
19 
25 
25 
21 
21 
24 
24 
13 
13 
19 
19 
28 
28 
22 
22 
22 
22 
19 
21 
21 
21 
21 
21 
21 
21 
21 
21 
21 
15 
15 
19 
19 
19 
19 
19 
19 
19 
19 
19 
19 
28 
28 
22 
22 
22 
22 
22 
22 
13 
13 
19 
19 
19 
19 
25 
25 
21 
21 
21 
21 
21 
21 
21 
21 
21 
21 
21 
21 
15 
15 
25 
25 
21 
21 
21 
21 
21 
21 
15 
15 
25 
25 
21 
21 
15 
15 
19 
19 
25 
25 
15 
15 
19 
19 
25 
25 
21 
21 
15 
15 
25 
25 
21 
21 
24 
24 
22 
22 
13 
13 
19 
19 
28 
28 
22 
22 
13 
13 
19 
19 
19 
19 
19 
19 
25 
25 
21 
21 
21 
-174 
-174 
-44 
-44 
-44 
-44 
136 
136 
16 
16 
-164 
-164 
-44 
-44 
-44 
-44 
-44 
-44 
184 
184 
32 
32 
14 
14 
26 
26 
23 
23 
25 
25 
25 
25 
25 
25 
25 
25 
25 
25 
25 
25 
25 
25 
25 
25 
25 
25 
25 
25 
25 
25 
25 
25 
25 
25 
25 
25 
25 
25 
25 
25 
25 
25 
25 
25 
25 
25 
25 
25 
25 
25 
25 
25 
25 
25 
25 
25 
25 
25 
25 
25 
25 
25 
25 
25 
25 
25 
25 
25 
25 
25 
25 
25 
25 
25 
25 
25 
25 
25 
25 
25 
25 
25 
25 
25 
25 
25 
25 
25 
25 
25 
25 
25 
25 
25 
25 
25 
25 
25 
25 
25 
25 
25 
25 
25 
25 
25 
25 
25 
25 
25 
25 
25 
25 
25 
25 
25 
25 
25 
25 
25 
25 
25 
25 
25 
25 
25 
25 
25 
25 
25 
25 
25 
25 
25 
25 
25 
25 
25 
25 
25 
25 
25 
25 
25 
25 
25 
25 
25 
25 
25 
25 
16 
16 
22 
22 
19 
19 
15 
15 
19 
19 
25 
25 
21 
21 
15 
15 
19 
19 
19 
19 
37 
37 
25 
25 
25 
25 
25 
25 
25 
25 
16 
16 
22 
22 
22 
22 
22 
22 
28 
28 
15 
15 
21 
21 
21 
21 
36 
36 
26 
26 
26 
26 
26 
26 
26 
26 
26 
26 
26 
26 
26 
26 
26 
26 
26 
26 
26 
26 
26 
26 
26 
26 
26 
26 
26 
26 
26 
26 
26 
26 
26 
26 
26 
26 
26 
26 
26 
26 
26 
26 
26 
26 
26 
26 
26 
26 
26 
26 
26 
26 
26 
26 
26 
26 
26 
26 
26 
26 
26 
26 
26 
26 
26 
26 
26 
26 
26 
26 
26 
26 
26 
26 
26 
26 
26 
26 
26 
26 
26 
26 
26 
26 
26 
26 
26 
26 
26 
26 
26 
26 
26 
26 
26 
26 
26 
26 
26 
-4 
-4 
16 
16 
16 
16 
16 
16 
16 
16 
67 
67 
-12 
-12 
18 
18 
18 
60 
60 
32 
32 
32 
32 
32 
32 
32 
32 
32 
32 
14 
14 
26 
26 
32 
32 
28 
28 
28 
28 
22 
22 
26 
26 
47 
47 
33 
33 
33 
33 
33 
33 
33 
33 
33 
33 
33 
33 
33 
33 
18 
18 
28 
28 
-17 
-17 
13 
13 
55 
55 
-6 
-6 
16 
16 
16 
16 
16 
16 
49 
49 
30 
30 
28 
28 
25 
25 
3 
3 
19 
19 
46 
46 
28 
28 
1 
1 
58 
58 
32 
32 
26 
26 
30 
30 
-3 
-3 
19 
19 
19 
19 
61 
61 
33 
33 
24 
24 
24 
24 
28 
28 
22 
22 
26 
26 
5 
5 
46 
28 
28 
28 
28 
28 
28 
28 
28 
28 
28 
25 
25 
27 
27 
30 
30 
34 
34 
30 
30 
24 
24 
28 
28 
-188 
-188 
172 
172 
28 
28 
1 
1 
19 
19 
70 
70 
-15 
-15 
19 
19 
19 
19 
19 
19 
61 
61 
33 
33 
18 
18 
28 
28 
1 
1 
19 
19 
58 
58 
32 
32 
20 
20 
43 
43 
33 
33 
18 
18 
28 
28 
1 
1 
52 
52 
30 
30 
39 
39 
33 
33 
33 
33 
24 
24 
30 
30 
30 
30 
48 
48 
36 
36 
12 
12 
1 
1 
19 
19 
52 
52 
24 
24 
28 
28 
25 
25 
42 
42 
32 
32 
-7 
19 
19 
46 
46 
43 
43 
33 
33 
-3 
-3 
21 
21 
48 
48 
3 
3 
21 
21 
42 
42 
28 
28 
34 
34 
42 
42 
34 
34 
-11 
-11 
19 
19 
52 
52 
24 
24 
28 
28 
1 
1 
19 
19 
70 
70 
18 
18 
30 
30 
39 
39 
33 
33 
30 
30 
38 
38 
34 
34 
40 
40 
0 
0 
24 
24 
48 
48 
32 
32 
8 
8 
51 
51 
33 
33 
30 
30 
32 
32 
8 
8 
42 
42 
30 
30 
15 
15 
25 
25 
49 
49 
30 
30 
32 
32 
32 
32 
32 
32 
11 
11 
25 
25 
25 
25 
46 
46 
32 
32 
11 
11 
25 
25 
25 
16 
16 
22 
22 
22 
22 
22 
22 
46 
46 
30 
30 
30 
30 
30 
30 
30 
30 
30 
30 
36 
36 
-7 
-7 
19 
19 
64 
64 
34 
34 
34 
34 
31 
31 
33 
33 
-9 
-9 
19 
19 
19 
19 
19 
19 
61 
61 
33 
33 
36 
36 
34 
34 
34 
34 
34 
34 
34 
34 
31 
31 
36 
36 
34 
34 
-11 
-11 
37 
37 
25 
25 
40 
40 
30 
30 
30 
30 
30 
30 
30 
30 
30 
30 
30 
30 
39 
39 
33 
33 
24 
24 
36 
36 
32 
32 
26 
26 
30 
30 
30 
30 
30 
30 
30 
30 
30 
30 
36 
36 
32 
26 
26 
30 
30 
-3 
-3 
19 
19 
61 
61 
33 
33 
24 
24 
36 
36 
32 
32 
-7 
-7 
19 
19 
19 
19 
58 
58 
32 
32 
32 
32 
-7 
-7 
19 
19 
58 
58 
32 
32 
-1 
-1 
21 
21 
21 
21 
48 
48 
30 
30 
39 
39 
-9 
-9 
19 
19 
58 
58 
32 
32 
-7 
-7 
61 
61 
33 
33 
30 
30 
32 
32 
26 
26 
36 
36 
32 
32 
32 
32 
32 
32 
32 
32 
32 
32 
32 
32 
32 
32 
32 
32 
32 
32 
32 
32 
32 
32 
32 
32 
32 
32 
32 
32 
32 
32 
32 
32 
32 
32 
32 
-10 
-10 
18 
18 
21 
21 
16 
16 
18 
18 
27 
27 
21 
21 
33 
33 
25 
25 
25 
25 
-182 
-182 
-44 
-44 
-44 
-44 
-44 
-44 
-44 
-44 
-44 
-44 
-8 
-8 
-32 
-32 
-68 
-68 
-44 
-44 
-44 
-44 
-44 
-44 
-29 
-29 
-39 
-39 
-54 
-54 
-44 
-44 
-44 
-44 
-44 
-44 
-44 
-44 
-8 
-8 
-32 
-32 
193 
193 
43 
43 
-218 
-218 
-44 
-44 
184 
184 
32 
32 
53 
53 
39 
39 
48 
48 
42 
42 
-9 
-9 
25 
25 
25 
25 
-80 
-80 
-10 
-10 
95 
95 
25 
25 
25 
25 
-26 
-26 
8 
8 
8 
8 
-136 
-40 
-40 
-40 
-40 
89 
89 
3 
3 
3 
3 
-126 
-126 
-40 
-40 
-40 
-40 
-46 
-46 
-42 
-42 
-42 
-42 
-42 
-42 
-42 
-42 
-42 
-42 
-33 
-33 
-39 
-39 
-39 
-39 
-24 
-24 
-34 
-34 
-34 
-34 
-22 
-22 
-30 
-30 
-30 
-30 
-57 
-57 
-39 
-39 
-39 
-39 
-42 
-42 
-40 
-40 
-40 
-40 
-46 
-46 
-42 
-42 
-42 
-42 
-42 
-42 
-42 
-42 
-6 
-6 
-30 
-30 
-30 
-30 
-66 
-66 
-42 
-42 
-42 
-42 
54 
54 
-10 
-10 
-10 
-10 
-112 
-112 
-44 
-44 
-44 
-44 
34 
34 
-18 
-18 
-18 
-18 
-54 
-54 
-30 
-30 
-30 
-30 
-72 
-44 
-44 
-44 
-44 
-44 
-44 
34 
34 
-18 
-18 
-18 
-18 
-54 
-54 
-30 
-30 
-30 
-30 
27 
27 
-11 
-11 
-11 
-11 
-110 
-110 
-44 
-44 
-44 
-44 
55 
55 
-11 
-11 
-11 
-11 
-110 
-110 
-44 
-44 
-44 
-44 
55 
55 
-11 
-11 
-11 
-11 
-68 
-68 
-30 
-30 
-66 
-66 
-42 
-42 
-42 
-42 
30 
30 
-18 
-18 
-18 
-18 
-18 
-18 
-18 
-18 
-18 
-18 
-96 
-96 
-44 
-44 
-44 
-44 
34 
34 
-18 
-18 
-18 
-18 
3 
3 
-11 
-11 
-11 
-11 
-104 
-104 
-42 
-42 
-42 
-42 
51 
51 
-11 
-11 
-11 
-11 
-110 
-110 
-44 
-44 
-44 
-44 
-44 
-44 
-44 
-44 
-44 
-44 
-44 
-44 
-44 
-44 
-44 
-44 
-44 
-2 
-2 
-30 
-30 
-30 
-30 
-72 
-72 
-44 
-44 
-44 
-44 
55 
55 
-11 
-11 
-11 
-11 
-32 
-32 
-18 
-18 
-18 
-18 
-18 
-18 
-18 
-18 
-18 
-18 
-90 
-90 
-42 
-42 
-42 
-42 
-48 
-48 
-44 
-44 
-44 
-44 
34 
34 
-18 
-18 
-18 
-18 
-96 
-96 
-44 
-44 
-44 
-44 
-44 
-44 
-44 
-44 
34 
34 
-18 
-18 
-18 
-18 
-90 
-90 
-42 
-42 
-42 
-42 
-6 
-6 
-30 
-30 
-30 
-30 
-72 
-72 
-44 
-44 
-44 
-44 
-38 
-38 
-42 
-42 
-42 
-42 
-6 
-6 
-30 
-30 
-30 
-30 
-72 
-72 
-44 
-44 
-44 
-44 
-44 
34 
34 
-18 
-18 
-18 
-18 
-18 
-18 
-18 
-18 
-18 
-18 
3 
3 
-11 
-11 
-11 
-11 
-32 
-32 
-18 
-18 
-96 
-96 
-44 
-44 
-44 
-44 
34 
34 
-18 
-18 
-18 
-18 
-90 
-90 
-42 
-42 
-42 
-42 
30 
30 
-18 
-18 
-18 
-18 
3 
3 
-11 
-11 
-11 
-11 
-68 
-68 
-30 
-30 
-30 
-30 
-72 
-72 
-44 
-44 
-44 
-44 
-38 
-38 
-42 
-42 
-42 
-42 
51 
51 
-11 
-11 
-11 
-11 
-11 
-11 
-11 
-11 
-11 
-11 
-110 
-110 
-44 
-44 
-44 
-44 
34 
34 
-18 
-18 
-18 
-18 
-96 
-96 
-44 
-44 
-44 
-44 
-2 
-2 
-30 
-30 
-30 
-30 
-66 
-42 
-42 
-42 
-42 
51 
51 
-11 
-11 
-11 
-11 
-68 
-68 
-30 
-30 
-30 
-30 
-30 
-30 
-30 
-30 
-30 
-30 
-30 
-30 
-30 
-30 
-30 
-30 
-30 
-30 
-30 
-30 
-30 
-30 
27 
27 
-11 
-11 
-11 
-11 
-68 
-68 
-30 
-30 
-30 
-30 
-72 
-72 
-44 
-44 
-44 
-44 
34 
34 
-18 
-18 
-18 
-18 
-90 
-90 
-42 
-42 
-42 
-42 
-6 
-6 
-30 
-30 
-30 
-30 
-72 
-72 
-44 
-44 
-44 
-44 
-44 
-44 
-44 
-44 
-44 
-44 
-2 
-2 
-30 
-30 
-30 
-30 
-72 
-72 
-44 
-44 
-44 
-44 
-2 
-2 
-30 
-30 
-30 
-30 
-72 
-72 
-44 
-44 
-44 
-44 
-2 
-2 
-30 
-30 
-30 
27 
27 
-11 
-11 
-11 
-11 
-11 
-11 
-11 
-11 
-11 
-11 
-110 
-110 
-44 
-44 
-44 
-44 
55 
55 
-11 
-11 
-11 
-11 
-32 
-32 
-18 
-18 
-18 
-18 
3 
3 
-11 
-11 
-11 
-11 
-104 
-104 
-42 
-42 
-42 
-42 
30 
30 
-18 
-18 
-18 
-18 
-18 
-18 
-18 
-18 
-18 
-18 
-90 
-90 
-42 
-42 
-42 
-42 
-6 
-6 
-30 
-30 
-30 
-30 
-66 
-66 
-42 
-42 
-42 
-42 
51 
51 
-11 
-11 
-11 
-11 
-110 
-110 
