frame  X  Y  Height  roll  pitch  yaw
1#0 0 0.852444 1.71888 0.0205365 0.00606443
2#0 0 0.962795 1.72781 -0.0207112 -0.00457301
3#0 0 1.04389 1.72718 -0.0575024 -0.00535547
4#0 0 1.15052 1.72629 -0.0724506 -0.00378253
5#0 0 1.25571 1.72491 -0.0573161 -0.00112425
6#0 0 1.36031 1.7237 -0.0349541 0.000744244
7#0 0 1.45573 1.72285 -0.0094587 0.000760117
8#0 0 1.54408 1.72249 0.00250818 4.17376e-05
9#0 0 1.60458 1.72212 0.00398943 -0.00103216
10#0 0 1.63732 1.72193 0.000140243 -0.00390418
11#0 0 1.64457 1.72153 -0.00427433 -0.00470549
12#0 0 1.62853 1.72133 -0.00473327 -0.00326394
13#0 0 1.60331 1.72154 -0.00258715 -0.00459247
14#0 0 1.57194 1.72133 0.000680111 -0.00515105
15#0 0 1.52889 1.7209 0.00139608 -0.00391423
16#0 0 1.50377 1.7206 -0.00156503 -0.00249129
17#0 0 1.48195 1.72019 -0.0018301 -0.00384032
18#0 0 1.4556 1.71938 -0.00191011 -0.00929851
19#0 0 1.43988 1.71817 -0.000342608 -0.012459
20#0 0 1.44382 1.71682 -0.000342396 -0.00775699
21#0 0 1.45559 1.71507 -0.00138041 0.000149201
22#0 0 1.46252 1.7129 -0.00191894 0.00232956
23#0 0 1.4699 1.71069 -0.00275365 0.0031095
24#0 0 1.48503 1.70803 -0.00286808 -0.000326085
25#0 0 1.49505 1.70502 -0.00306951 -0.00348089
26#0 0 1.50848 1.70184 -0.00263634 -0.00539408
27#0 0 1.50918 1.69949 -0.000565454 -0.00716658
28#0 0 1.50526 1.69761 0.00131487 -0.0056399
29#0 0 1.4977 1.69622 0.00176411 -0.00474179
30#0 0 1.50074 1.69512 0.00180453 -0.00397053
31#0 0 1.49542 1.69412 0.00322552 -0.00581091
32#0 0 1.49583 1.6935 0.00444734 -0.0045935
33#0 0 1.4931 1.69378 0.00305646 -0.0027628
34#0 0 1.49165 1.69386 -5.42832e-05 0.00257905
35#0 0 1.48534 1.69346 -0.000796321 0.000567113
36#0 0 1.47938 1.69243 -0.00169231 -0.00330816
37#0 0 1.47841 1.69104 -0.00418577 -0.0109999
38#0 0 1.48209 1.6894 -0.00500544 -0.0113332
39#0 0 1.4852 1.68805 -0.00277451 -0.00930311
40#0 0 1.49495 1.68726 -0.00027713 -0.00440487
41#0 0 1.49744 1.68731 -0.000516397 -0.00104873
42#0 0 1.50199 1.68741 -0.00329315 -0.000837922
43#0 0 1.50664 1.68699 -0.00446369 0.000591918
44#0 0 1.51079 1.68481 -0.00408195 0.00456489
45#0 0 1.51247 1.68151 -0.00844992 0.0044599
46#0 0 1.5003 1.67856 -0.00634426 0.00224418
47#0 0 1.49377 1.6755 -0.00763731 -0.00094668
48#0 0 1.49269 1.67378 -0.00493915 -0.00509979
49#0 0 1.49085 1.67315 -0.000893142 6.62471e-05
50#0 0 1.48254 1.67253 0.00573952 -0.00215309
51#0 0 1.49202 1.67196 0.011874 -0.000421303
52#0 0 1.49313 1.67268 0.0152832 0.00295987
53#0 0 1.49704 1.67799 0.00978933 0.00920198
54#0 0 1.50335 1.68686 -0.000560578 0.00394542
55#0 0 1.49108 1.69834 -0.0103296 -0.00543549
56#0 0 1.49554 1.70872 -0.0129152 -0.0096684
57#0 0 1.4888 1.72085 -0.0119363 0.00209603
58#0 0 1.48087 1.73211 -0.0228823 0.0101269
59#0 0 1.48332 1.73858 -0.0244032 0.0115487
60#0 0 1.47279 1.74245 -0.0230749 0.0123691
61#0 0 1.46304 1.74327 -0.0210407 0.00110029
62#0 0 1.45575 1.74326 -0.0159516 -0.00844306
63#0 0 1.45995 1.74361 -0.00718267 -0.00563369
64#0 0 1.46987 1.74089 -0.000564518 0.00499013
65#0 0 1.47071 1.73496 0.00369774 0.0153475
66#0 0 1.47152 1.72487 -0.00724467 0.00848295
67#0 0 1.47498 1.71502 -0.0160778 -0.00575324
68#0 0 1.48298 1.70224 -0.0197062 -0.0108713
69#0 0 1.49116 1.68343 -0.0276245 -0.00303535
70#0 0 1.4989 1.66799 -0.00724809 -0.000989494
71#0 0 1.51418 1.65874 0.00616944 -0.00845256
72#0 0 1.53146 1.65373 0.00583551 -0.0265896
73#0 0 1.54583 1.6527 -0.00770349 -0.0258131
74#0 0 1.55006 1.6555 -0.0165227 -0.0109326
75#0 0 1.54853 1.66224 -0.0164734 0.01425
76#0 0 1.5304 1.67193 -0.00326674 0.0230361
77#0 0 1.51449 1.68141 0.00449974 0.0214378
78#0 0 1.50687 1.68904 0.00673008 0.0124192
79#0 0 1.49324 1.69544 0.0303353 0.00621878
80#0 0 1.47903 1.70118 0.0666477 0.000565936
81#0 0 1.47275 1.70652 0.0492128 -0.00143308
82#0 0 1.47792 1.70964 0.0600763 -0.00183987
83#0 0 1.47484 1.71102 0.041072 0.000876231
84#0 0 1.48364 1.71134 0.0165876 0.00190588
84#0 0 1.49114 1.71103 -0.0119508 -0.00103758
84#0 0 1.48701 1.71009 -0.0129139 -0.00664991
84#0 0 1.48317 1.70981 -0.00445199 0.000223584
84#0 0 1.48566 1.71013 0.00505477 0.00729377
84#0 0 1.49096 1.71166 0.0165167 0.00679986
84#0 0 1.49401 1.71381 0.0136456 0.00215639
84#0 0 1.48061 1.71626 0.0104845 -0.033024
84#0 0 1.48397 1.71769 0.00604504 -0.0490536
84#0 0 1.49614 1.71623 0.00961442 -0.0462043
84#0 0 1.50409 1.71433 0.0130273 -0.027197
84#0 0 1.51183 1.71304 0.0117928 -0.00699752
84#0 0 1.51295 1.71199 0.00621327 0.00172188
84#0 0 1.50671 1.71084 0.000954234 0.00377136
84#0 0 1.50097 1.709 0.000196101 -0.00533456
84#0 0 1.4924 1.70747 0.00235309 -0.0106784
84#0 0 1.49467 1.70603 0.00371126 -0.0141828
84#0 0 1.49906 1.70422 0.00477294 -0.0134576
84#0 0 1.49658 1.70361 0.00583565 -0.0110575
84#0 0 1.49766 1.70371 0.00691968 -0.00926176
84#0 0 1.49905 1.70435 0.00800815 -0.0062103
84#0 0 1.50537 1.70541 0.00809928 -0.00277822
84#0 0 1.50633 1.70641 0.00779545 -0.00154304
84#0 0 1.50392 1.7074 0.0041715 -0.00347815
84#0 0 1.50428 1.70823 0.00247853 -0.00455081
84#0 0 1.50286 1.70864 0.00208303 -0.0050891
84#0 0 1.50042 1.69736 0.00144353 0.00139672
84#0 0 1.49374 1.62391 0.00206508 0.0103545
84#0 0 1.49864 1.58467 0.00683395 -0.00312766
84#0 0 1.50639 1.58501 0.00637087 -0.00881154
84#0 0 1.50781 1.58839 0.00689482 -0.0144215
84#0 0 1.51399 1.59072 0.00554128 -0.00982419
84#0 0 1.5154 1.59275 0.00216713 -0.00508602
84#0 0 1.51527 1.59444 0.00050352 0.00198323
84#0 0 1.51244 1.59625 0.00058758 0.00674214
84#0 0 1.50829 1.59813 0.003025 0.00629972
84#0 0 1.50746 1.60013 0.00185383 0.00381316
84#0 0 1.5045 1.60262 -0.000858454 -0.00171592
84#0 0 1.49819 1.60448 -0.00517489 -0.0063195
84#0 0 1.48566 1.60653 -0.00477576 -0.00940308
84#0 0 1.43805 1.60843 -0.00373712 -0.00732987
84#0 0 1.37457 1.61023 -0.00129739 -0.00520987
84#0 0 1.31637 1.6119 0.00145144 -0.00156089
84#0 0 1.25029 1.61366 0.00186027 -0.000713249
84#0 0 1.19681 1.6152 0.00147163 -0.00155102
84#0 0 1.14894 1.61567 0.000742693 -0.00470032
84#0 0 1.12195 1.61578 0.00287295 -0.00529428
84#0 0 1.10691 1.61561 0.00604096 -0.00477248
84#0 0 1.10609 1.61528 0.00778007 -0.00593432
84#0 0 1.11758 1.61502 0.0089602 -0.00603818
84#0 0 1.1329 1.6151 0.00663636 -0.00370665
84#0 0 1.14548 1.61529 0.00424996 -0.00150317
84#0 0 1.17089 1.61496 0.00246847 7.29594e-05
84#0 0 1.18935 1.61464 -0.000104143 -0.00259647
84#0 0 1.20279 1.61454 0.000169678 -0.000580132
84#0 0 1.2058 1.61402 0.00465237 0.000306131
84#0 0 1.22057 1.61318 0.00659287 2.51251e-05
84#0 0 1.22512 1.61217 0.00510901 -0.000641115
84#0 0 1.21989 1.61123 0.00385788 -0.00170409
84#0 0 1.2258 1.61075 0.0050999 -0.00639709
84#0 0 1.21865 1.61037 0.00589594 -0.0108389
84#0 0 1.20849 1.60923 0.00577505 -0.00913389
84#0 0 1.19959 1.60765 0.00633595 -0.0073301
84#0 0 1.19795 1.60582 0.00483822 -0.00344025
84#0 0 1.19344 1.60464 0.00292994 -0.0010836
84#0 0 1.18648 1.6041 0.000873842 0.000879857
84#0 0 1.18436 1.60386 -0.000868583 -6.01905e-05
84#0 0 1.18599 1.60409 3.8952e-05 -0.00281342
84#0 0 1.18983 1.60489 0.000375175 -0.00167836
84#0 0 1.18473 1.60534 0.00176922 -0.00306036
84#0 0 1.18345 1.60627 0.00130564 -0.00442921
84#0 0 1.19136 1.60725 0.00107414 -0.00462306
84#0 0 1.19012 1.60724 -0.000496077 -0.00677427
84#0 0 1.19338 1.60655 -0.00256892 -0.0113681
84#0 0 1.2028 1.60552 -0.00201379 -0.0113149
84#0 0 1.20361 1.60469 0.00239547 -0.00943186
84#0 0 1.20064 1.60452 0.00626615 -0.000768142
84#0 0 1.19604 1.60414 0.0087946 0.00613968
84#0 0 1.19832 1.60277 0.0132659 0.00622114
84#0 0 1.19769 1.60238 0.0147151 -0.00222726
84#0 0 1.18266 1.60303 0.00739512 -0.00373997
84#0 0 1.18888 1.60233 0.00516263 -0.00533191
84#0 0 1.18718 1.6012 0.0043643 -0.00571771
84#0 0 1.1876 1.60076 0.0061614 -0.00352507
84#0 0 1.18156 1.60148 0.00570907 -0.00127057
84#0 0 1.18613 1.60302 0.00830519 -0.00220738
84#0 0 1.19429 1.60588 0.0132136 -0.0072112
84#0 0 1.19954 1.60973 0.0136386 -0.0119694
84#0 0 1.19877 1.6136 0.0102251 -0.0118967
84#0 0 1.20429 1.61704 0.00369049 -0.0077895
84#0 0 1.21189 1.61919 0.0014701 -0.00253501
84#0 0 1.21588 1.61975 0.00062498 -0.000796305
84#0 0 1.21403 1.61985 0.00181415 0.00253308
84#0 0 1.21365 1.62143 0.0001973 0.00299126
84#0 0 1.22069 1.62413 -0.00234333 0.00581584
84#0 0 1.22802 1.62687 -0.00201974 0.00284437
84#0 0 1.22826 1.62984 -0.00457727 -0.00287179
84#0 0 1.22491 1.63148 -0.00562219 -0.00248176
84#0 0 1.22145 1.6301 -0.00422983 0.00426868
84#0 0 1.21617 1.6269 -0.00123594 0.00803117
84#0 0 1.21219 1.62176 0.00303777 0.00649163
84#0 0 1.20932 1.61477 0.0177723 -0.000759786
84#0 0 1.20119 1.60837 0.046069 -0.004478
84#0 0 1.20087 1.60342 0.056954 -0.00438591
84#0 0 1.19349 1.6007 0.0643078 -0.00353329
84#0 0 1.2009 1.60184 0.0609452 -0.00172754
84#0 0 1.20405 1.60588 0.0523347 0.00022468
84#0 0 1.20361 1.60901 0.0488306 0.0049503
84#0 0 1.20015 1.61091 0.0485885 0.00562265
84#0 0 1.1986 1.61287 0.0513264 -0.000692607
84#0 0 1.19584 1.61475 0.035311 -0.00581896
84#0 0 1.19301 1.61386 -0.0107018 -0.00356358
84#0 0 1.1957 1.61098 -0.0476071 0.000175483
84#0 0 1.27074 1.60674 -0.0852361 0.0067204
84#0 0 1.225 1.60445 -0.0982773 0.00921811
84#0 0 1.23654 1.60441 -0.0640733 0.00608189
84#0 0 1.23503 1.60552 0.0302312 0.00506905
84#0 0 1.23511 1.60807 0.0740983 0.00576101
84#0 0 1.23529 1.61036 0.0922506 0.00348787
84#0 0 1.23538 1.61182 0.0605574 0.00661497
84#0 0 1.23422 1.61224 0.00374672 0.00715495
84#0 0 1.23075 1.61113 -0.0345278 0.00108804
84#0 0 1.22762 1.61032 -0.0601516 -0.00295478
84#0 0 1.23159 1.60975 -0.0658228 -0.00583787
84#0 0 1.18142 1.60915 -0.0504023 -0.00417948
84#0 0 1.17401 1.60945 -0.0234805 0.000320747
84#0 0 1.17601 1.6108 0.00570933 0.00174074
84#0 0 1.17389 1.61292 0.0196786 0.00425893
84#0 0 1.17215 1.61591 0.0262507 0.00912197
84#0 0 1.16392 1.61812 0.0277334 0.0104377
84#0 0 1.16269 1.61946 0.0236799 0.00961203
84#0 0 1.1608 1.61976 0.0104503 0.00768619
84#0 0 1.16831 1.61879 0.00136623 0.00600657
84#0 0 1.17393 1.61722 -0.00355984 0.00184557
84#0 0 1.17801 1.61557 0.00286481 0.000785256
84#0 0 1.17763 1.61463 0.0090255 -0.000329344
84#0 0 1.17739 1.61443 0.00621031 0.00122716
84#0 0 1.17802 1.61515 0.019404 0.00466959
84#0 0 1.17292 1.61651 0.0486439 0.00460722
84#0 0 1.16808 1.61803 0.0615345 0.00375516
84#0 0 1.17181 1.61944 0.0817159 0.00250816
84#0 0 1.17106 1.62067 0.0835965 0.00181408
84#0 0 1.16561 1.62134 0.0703356 -0.000552784
84#0 0 1.16272 1.62202 0.0213688 -0.000867633
84#0 0 1.14833 1.62241 -0.0224817 -0.00475018
84#0 0 1.14572 1.6223 -0.0510261 -0.0103445
84#0 0 1.13628 1.62105 -0.0690254 -0.0154951
84#0 0 1.11384 1.61885 -0.0452086 -0.0287644
84#0 0 1.12322 1.61536 0.00220187 -0.0698323
84#0 0 1.12011 1.61284 0.0253312 -0.0925481
84#0 0 1.1224 1.61181 0.0352518 -0.09632
84#0 0 1.13157 1.6121 0.036684 -0.0916607
84#0 0 1.13707 1.61202 0.0332735 -0.0819293
84#0 0 1.14091 1.61081 0.0345941 -0.0652628
84#0 0 1.14349 1.61031 0.0496263 -0.0261444
84#0 0 1.14349 1.61041 0.0528926 -0.0197319
84#0 0 1.14349 1.61041 0.0528926 -0.0197319
84#0 0 1.14349 1.61041 0.0528926 -0.0197319
84#0 0 1.14349 1.61041 0.0528926 -0.0197319
84#0 0 1.14349 1.61041 0.0528926 -0.0197319
84#0 0 1.14349 1.61041 0.0528926 -0.0197319
84#0 0 1.14349 1.61041 0.0528926 -0.0197319
84#0 0 1.14349 1.61041 0.0528926 -0.0197319
84#0 0 1.14349 1.61041 0.0528926 -0.0197319
84#0 0 1.14349 1.61041 0.0528926 -0.0197319
